0.000000 0.000000 0.000000 0.000000 0.000000 0.000000 0.000000 0.000000 0.000000 0.000000 0.000000 0.000000 0.000000 0.000000 0.000000 0.000000 0.000000 0.000000 0.000000 0.000000 0.000000 0.000000 0.000000 0.000000 0.000000 0.000000 0.000000 0.000000 0.000000 0.000000 0.000000 0.000000 0.000000 0.000000 0.000000 0.000000 0.000000 0.000000 0.000000 0.000000 0.000000 0.000000 0.000000 0.000000 0.000000 0.000000 0.000000 0.000000 0.000000 0.000000 0.000000 0.000000 0.000000 0.000000 0.000000 0.000000 0.000000 0.000000 0.000000 0.000000 0.000000 0.000000 0.000000 0.000000 0.000000 0.000000 0.000000 0.000000 0.000000 0.000000 0.000000 0.000000 0.000000 0.000000 0.000000 0.000000 0.000000 0.000000 0.000000 0.000000 0.000000 0.000000 0.000000 0.000000 0.000000 0.000000 0.000000 0.000000 0.000000 0.000000 0.000000 0.000000 0.000000 0.000000 0.000000 0.000000 0.000000 0.000000 0.000000 0.000000 
0.000000 0.000010 0.000019 0.000029 0.000039 0.000049 0.000059 0.000069 0.000080 0.000090 0.000102 0.000113 0.000125 0.000136 0.000149 0.000161 0.000174 0.000187 0.000201 0.000214 0.000229 0.000242 0.000257 0.000272 0.000287 0.000301 0.000317 0.000331 0.000347 0.000361 0.000377 0.000391 0.000405 0.000419 0.000433 0.000445 0.000458 0.000470 0.000482 0.000492 0.000502 0.000511 0.000519 0.000526 0.000532 0.000538 0.000542 0.000545 0.000547 0.000548 0.000548 0.000547 0.000545 0.000542 0.000538 0.000532 0.000526 0.000519 0.000511 0.000502 0.000492 0.000482 0.000470 0.000458 0.000445 0.000433 0.000419 0.000405 0.000391 0.000377 0.000361 0.000347 0.000331 0.000317 0.000301 0.000287 0.000272 0.000257 0.000242 0.000229 0.000214 0.000201 0.000187 0.000174 0.000161 0.000149 0.000136 0.000125 0.000113 0.000102 0.000090 0.000080 0.000069 0.000059 0.000049 0.000039 0.000029 0.000019 0.000010 0.000000 
0.000000 0.000019 0.000039 0.000058 0.000078 0.000098 0.000118 0.000139 0.000159 0.000181 0.000203 0.000226 0.000249 0.000273 0.000297 0.000323 0.000348 0.000375 0.000401 0.000430 0.000457 0.000487 0.000515 0.000545 0.000574 0.000605 0.000634 0.000665 0.000694 0.000725 0.000754 0.000784 0.000811 0.000840 0.000866 0.000893 0.000918 0.000942 0.000964 0.000986 0.001005 0.001024 0.001039 0.001054 0.001066 0.001077 0.001086 0.001092 0.001096 0.001099 0.001099 0.001096 0.001092 0.001086 0.001077 0.001066 0.001054 0.001039 0.001024 0.001005 0.000986 0.000964 0.000942 0.000918 0.000893 0.000866 0.000840 0.000811 0.000784 0.000754 0.000725 0.000694 0.000665 0.000634 0.000605 0.000574 0.000545 0.000515 0.000487 0.000457 0.000430 0.000401 0.000375 0.000348 0.000323 0.000297 0.000273 0.000249 0.000226 0.000203 0.000181 0.000159 0.000139 0.000118 0.000098 0.000078 0.000058 0.000039 0.000019 0.000000 
0.000000 0.000029 0.000058 0.000087 0.000117 0.000147 0.000178 0.000208 0.000240 0.000272 0.000306 0.000339 0.000375 0.000410 0.000448 0.000485 0.000525 0.000563 0.000605 0.000645 0.000689 0.000731 0.000776 0.000819 0.000865 0.000909 0.000956 0.000999 0.001046 0.001089 0.001135 0.001177 0.001222 0.001262 0.001305 0.001343 0.001382 0.001416 0.001452 0.001482 0.001513 0.001539 0.001564 0.001585 0.001605 0.001620 0.001634 0.001643 0.001650 0.001653 0.001653 0.001650 0.001643 0.001634 0.001620 0.001605 0.001585 0.001564 0.001539 0.001513 0.001482 0.001452 0.001416 0.001382 0.001343 0.001305 0.001262 0.001222 0.001177 0.001135 0.001089 0.001046 0.000999 0.000956 0.000909 0.000865 0.000819 0.000776 0.000731 0.000689 0.000645 0.000605 0.000563 0.000525 0.000485 0.000448 0.000410 0.000375 0.000339 0.000306 0.000272 0.000240 0.000208 0.000178 0.000147 0.000117 0.000087 0.000058 0.000029 0.000000 
0.000000 0.000039 0.000078 0.000117 0.000156 0.000197 0.000237 0.000279 0.000321 0.000365 0.000409 0.000456 0.000501 0.000551 0.000598 0.000651 0.000701 0.000756 0.000809 0.000866 0.000921 0.000980 0.001037 0.001098 0.001156 0.001219 0.001277 0.001340 0.001398 0.001460 0.001518 0.001578 0.001634 0.001692 0.001745 0.001799 0.001848 0.001898 0.001942 0.001986 0.002024 0.002062 0.002093 0.002124 0.002148 0.002170 0.002186 0.002200 0.002208 0.002213 0.002213 0.002208 0.002200 0.002186 0.002170 0.002148 0.002124 0.002093 0.002062 0.002024 0.001986 0.001942 0.001898 0.001848 0.001799 0.001745 0.001692 0.001634 0.001578 0.001518 0.001460 0.001398 0.001340 0.001277 0.001219 0.001156 0.001098 0.001037 0.000980 0.000921 0.000866 0.000809 0.000756 0.000701 0.000651 0.000598 0.000551 0.000501 0.000456 0.000409 0.000365 0.000321 0.000279 0.000237 0.000197 0.000156 0.000117 0.000078 0.000039 0.000000 
0.000000 0.000049 0.000098 0.000147 0.000197 0.000247 0.000299 0.000350 0.000404 0.000458 0.000515 0.000571 0.000631 0.000690 0.000754 0.000816 0.000883 0.000948 0.001018 0.001086 0.001159 0.001229 0.001305 0.001377 0.001455 0.001528 0.001607 0.001681 0.001759 0.001832 0.001910 0.001981 0.002056 0.002124 0.002195 0.002258 0.002324 0.002382 0.002442 0.002493 0.002545 0.002589 0.002632 0.002667 0.002700 0.002726 0.002748 0.002764 0.002775 0.002780 0.002780 0.002775 0.002764 0.002748 0.002726 0.002700 0.002667 0.002632 0.002589 0.002545 0.002493 0.002442 0.002382 0.002324 0.002258 0.002195 0.002124 0.002056 0.001981 0.001910 0.001832 0.001759 0.001681 0.001607 0.001528 0.001455 0.001377 0.001305 0.001229 0.001159 0.001086 0.001018 0.000948 0.000883 0.000816 0.000754 0.000690 0.000631 0.000571 0.000515 0.000458 0.000404 0.000350 0.000299 0.000247 0.000197 0.000147 0.000098 0.000049 0.000000 
0.000000 0.000059 0.000118 0.000178 0.000237 0.000299 0.000360 0.000424 0.000487 0.000554 0.000620 0.000691 0.000760 0.000835 0.000908 0.000987 0.001064 0.001147 0.001227 0.001314 0.001397 0.001487 0.001573 0.001666 0.001754 0.001849 0.001937 0.002033 0.002121 0.002216 0.002303 0.002395 0.002479 0.002567 0.002647 0.002730 0.002804 0.002879 0.002946 0.003013 0.003071 0.003128 0.003176 0.003222 0.003259 0.003292 0.003317 0.003338 0.003350 0.003357 0.003357 0.003350 0.003338 0.003317 0.003292 0.003259 0.003222 0.003176 0.003128 0.003071 0.003013 0.002946 0.002879 0.002804 0.002730 0.002647 0.002567 0.002479 0.002395 0.002303 0.002216 0.002121 0.002033 0.001937 0.001849 0.001754 0.001666 0.001573 0.001487 0.001397 0.001314 0.001227 0.001147 0.001064 0.000987 0.000908 0.000835 0.000760 0.000691 0.000620 0.000554 0.000487 0.000424 0.000360 0.000299 0.000237 0.000178 0.000118 0.000059 0.000000 
0.000000 0.000069 0.000139 0.000208 0.000279 0.000350 0.000424 0.000497 0.000574 0.000650 0.000731 0.000810 0.000896 0.000979 0.001070 0.001157 0.001253 0.001345 0.001445 0.001541 0.001645 0.001744 0.001852 0.001954 0.002065 0.002169 0.002281 0.002385 0.002496 0.002600 0.002710 0.002810 0.002917 0.003013 0.003114 0.003204 0.003298 0.003380 0.003465 0.003538 0.003611 0.003673 0.003734 0.003784 0.003831 0.003867 0.003899 0.003921 0.003937 0.003945 0.003945 0.003937 0.003921 0.003899 0.003867 0.003831 0.003784 0.003734 0.003673 0.003611 0.003538 0.003465 0.003380 0.003298 0.003204 0.003114 0.003013 0.002917 0.002810 0.002710 0.002600 0.002496 0.002385 0.002281 0.002169 0.002065 0.001954 0.001852 0.001744 0.001645 0.001541 0.001445 0.001345 0.001253 0.001157 0.001070 0.000979 0.000896 0.000810 0.000731 0.000650 0.000574 0.000497 0.000424 0.000350 0.000279 0.000208 0.000139 0.000069 0.000000 
0.000000 0.000080 0.000159 0.000240 0.000321 0.000404 0.000487 0.000574 0.000659 0.000750 0.000840 0.000936 0.001029 0.001131 0.001229 0.001337 0.001440 0.001553 0.001661 0.001779 0.001891 0.002014 0.002130 0.002256 0.002375 0.002503 0.002623 0.002752 0.002872 0.003000 0.003118 0.003242 0.003356 0.003476 0.003584 0.003696 0.003796 0.003898 0.003988 0.004079 0.004158 0.004235 0.004300 0.004362 0.004412 0.004457 0.004491 0.004519 0.004536 0.004545 0.004545 0.004536 0.004519 0.004491 0.004457 0.004412 0.004362 0.004300 0.004235 0.004158 0.004079 0.003988 0.003898 0.003796 0.003696 0.003584 0.003476 0.003356 0.003242 0.003118 0.003000 0.002872 0.002752 0.002623 0.002503 0.002375 0.002256 0.002130 0.002014 0.001891 0.001779 0.001661 0.001553 0.001440 0.001337 0.001229 0.001131 0.001029 0.000936 0.000840 0.000750 0.000659 0.000574 0.000487 0.000404 0.000321 0.000240 0.000159 0.000080 0.000000 
0.000000 0.000090 0.000181 0.000272 0.000365 0.000458 0.000554 0.000650 0.000750 0.000850 0.000956 0.001059 0.001171 0.001281 0.001399 0.001514 0.001638 0.001759 0.001889 0.002015 0.002151 0.002281 0.002423 0.002556 0.002701 0.002836 0.002983 0.003119 0.003265 0.003400 0.003544 0.003675 0.003814 0.003941 0.004072 0.004191 0.004313 0.004421 0.004531 0.004627 0.004722 0.004804 0.004883 0.004949 0.005010 0.005058 0.005099 0.005128 0.005149 0.005159 0.005159 0.005149 0.005128 0.005099 0.005058 0.005010 0.004949 0.004883 0.004804 0.004722 0.004627 0.004531 0.004421 0.004313 0.004191 0.004072 0.003941 0.003814 0.003675 0.003544 0.003400 0.003265 0.003119 0.002983 0.002836 0.002701 0.002556 0.002423 0.002281 0.002151 0.002015 0.001889 0.001759 0.001638 0.001514 0.001399 0.001281 0.001171 0.001059 0.000956 0.000850 0.000750 0.000650 0.000554 0.000458 0.000365 0.000272 0.000181 0.000090 0.000000 
0.000000 0.000102 0.000203 0.000306 0.000409 0.000515 0.000620 0.000731 0.000840 0.000956 0.001069 0.001192 0.001311 0.001440 0.001566 0.001702 0.001834 0.001977 0.002115 0.002265 0.002409 0.002565 0.002713 0.002873 0.003025 0.003188 0.003341 0.003505 0.003658 0.003820 0.003970 0.004129 0.004274 0.004426 0.004564 0.004706 0.004834 0.004964 0.005079 0.005195 0.005295 0.005393 0.005476 0.005555 0.005618 0.005676 0.005719 0.005754 0.005776 0.005788 0.005788 0.005776 0.005754 0.005719 0.005676 0.005618 0.005555 0.005476 0.005393 0.005295 0.005195 0.005079 0.004964 0.004834 0.004706 0.004564 0.004426 0.004274 0.004129 0.003970 0.003820 0.003658 0.003505 0.003341 0.003188 0.003025 0.002873 0.002713 0.002565 0.002409 0.002265 0.002115 0.001977 0.001834 0.001702 0.001566 0.001440 0.001311 0.001192 0.001069 0.000956 0.000840 0.000731 0.000620 0.000515 0.000409 0.000306 0.000203 0.000102 0.000000 
0.000000 0.000113 0.000226 0.000339 0.000456 0.000571 0.000691 0.000810 0.000936 0.001059 0.001192 0.001321 0.001461 0.001597 0.001744 0.001888 0.002043 0.002193 0.002356 0.002513 0.002683 0.002845 0.003021 0.003188 0.003368 0.003537 0.003719 0.003890 0.004071 0.004240 0.004419 0.004583 0.004756 0.004914 0.005078 0.005226 0.005378 0.005513 0.005650 0.005770 0.005889 0.005991 0.006089 0.006171 0.006247 0.006307 0.006358 0.006395 0.006421 0.006433 0.006433 0.006421 0.006395 0.006358 0.006307 0.006247 0.006171 0.006089 0.005991 0.005889 0.005770 0.005650 0.005513 0.005378 0.005226 0.005078 0.004914 0.004756 0.004583 0.004419 0.004240 0.004071 0.003890 0.003719 0.003537 0.003368 0.003188 0.003021 0.002845 0.002683 0.002513 0.002356 0.002193 0.002043 0.001888 0.001744 0.001597 0.001461 0.001321 0.001192 0.001059 0.000936 0.000810 0.000691 0.000571 0.000456 0.000339 0.000226 0.000113 0.000000 
0.000000 0.000125 0.000249 0.000375 0.000501 0.000631 0.000760 0.000896 0.001029 0.001171 0.001311 0.001461 0.001607 0.001766 0.001920 0.002087 0.002248 0.002424 0.002593 0.002777 0.002953 0.003144 0.003326 0.003522 0.003708 0.003908 0.004096 0.004296 0.004484 0.004683 0.004867 0.005061 0.005240 0.005426 0.005595 0.005769 0.005926 0.006085 0.006227 0.006368 0.006491 0.006611 0.006713 0.006809 0.006887 0.006958 0.007011 0.007054 0.007081 0.007095 0.007095 0.007081 0.007054 0.007011 0.006958 0.006887 0.006809 0.006713 0.006611 0.006491 0.006368 0.006227 0.006085 0.005926 0.005769 0.005595 0.005426 0.005240 0.005061 0.004867 0.004683 0.004484 0.004296 0.004096 0.003908 0.003708 0.003522 0.003326 0.003144 0.002953 0.002777 0.002593 0.002424 0.002248 0.002087 0.001920 0.001766 0.001607 0.001461 0.001311 0.001171 0.001029 0.000896 0.000760 0.000631 0.000501 0.000375 0.000249 0.000125 0.000000 
0.000000 0.000136 0.000273 0.000410 0.000551 0.000690 0.000835 0.000979 0.001131 0.001281 0.001440 0.001597 0.001766 0.001930 0.002108 0.002282 0.002469 0.002651 0.002848 0.003037 0.003242 0.003439 0.003651 0.003853 0.004070 0.004275 0.004495 0.004701 0.004920 0.005125 0.005340 0.005540 0.005748 0.005939 0.006137 0.006316 0.006499 0.006663 0.006828 0.006973 0.007117 0.007240 0.007359 0.007458 0.007550 0.007622 0.007684 0.007728 0.007760 0.007775 0.007775 0.007760 0.007728 0.007684 0.007622 0.007550 0.007458 0.007359 0.007240 0.007117 0.006973 0.006828 0.006663 0.006499 0.006316 0.006137 0.005939 0.005748 0.005540 0.005340 0.005125 0.004920 0.004701 0.004495 0.004275 0.004070 0.003853 0.003651 0.003439 0.003242 0.003037 0.002848 0.002651 0.002469 0.002282 0.002108 0.001930 0.001766 0.001597 0.001440 0.001281 0.001131 0.000979 0.000835 0.000690 0.000551 0.000410 0.000273 0.000136 0.000000 
0.000000 0.000149 0.000297 0.000448 0.000598 0.000754 0.000908 0.001070 0.001229 0.001399 0.001566 0.001744 0.001920 0.002108 0.002293 0.002492 0.002685 0.002895 0.003097 0.003316 0.003527 0.003754 0.003972 0.004206 0.004428 0.004666 0.004891 0.005130 0.005354 0.005592 0.005812 0.006044 0.006257 0.006479 0.006681 0.006889 0.007076 0.007267 0.007435 0.007604 0.007751 0.007894 0.008015 0.008130 0.008224 0.008308 0.008372 0.008423 0.008455 0.008472 0.008472 0.008455 0.008423 0.008372 0.008308 0.008224 0.008130 0.008015 0.007894 0.007751 0.007604 0.007435 0.007267 0.007076 0.006889 0.006681 0.006479 0.006257 0.006044 0.005812 0.005592 0.005354 0.005130 0.004891 0.004666 0.004428 0.004206 0.003972 0.003754 0.003527 0.003316 0.003097 0.002895 0.002685 0.002492 0.002293 0.002108 0.001920 0.001744 0.001566 0.001399 0.001229 0.001070 0.000908 0.000754 0.000598 0.000448 0.000297 0.000149 0.000000 
0.000000 0.000161 0.000323 0.000485 0.000651 0.000816 0.000987 0.001157 0.001337 0.001514 0.001702 0.001888 0.002087 0.002282 0.002492 0.002697 0.002918 0.003133 0.003365 0.003590 0.003832 0.004064 0.004315 0.004554 0.004810 0.005053 0.005312 0.005556 0.005815 0.006056 0.006311 0.006547 0.006793 0.007019 0.007252 0.007464 0.007681 0.007874 0.008069 0.008241 0.008410 0.008556 0.008697 0.008814 0.008922 0.009007 0.009081 0.009133 0.009170 0.009188 0.009188 0.009170 0.009133 0.009081 0.009007 0.008922 0.008814 0.008697 0.008556 0.008410 0.008241 0.008069 0.007874 0.007681 0.007464 0.007252 0.007019 0.006793 0.006547 0.006311 0.006056 0.005815 0.005556 0.005312 0.005053 0.004810 0.004554 0.004315 0.004064 0.003832 0.003590 0.003365 0.003133 0.002918 0.002697 0.002492 0.002282 0.002087 0.001888 0.001702 0.001514 0.001337 0.001157 0.000987 0.000816 0.000651 0.000485 0.000323 0.000161 0.000000 
0.000000 0.000174 0.000348 0.000525 0.000701 0.000883 0.001064 0.001253 0.001440 0.001638 0.001834 0.002043 0.002248 0.002469 0.002685 0.002918 0.003145 0.003390 0.003627 0.003884 0.004131 0.004397 0.004652 0.004925 0.005186 0.005464 0.005728 0.006008 0.006271 0.006548 0.006807 0.007078 0.007328 0.007587 0.007824 0.008068 0.008287 0.008510 0.008708 0.008905 0.009077 0.009244 0.009387 0.009521 0.009631 0.009729 0.009804 0.009864 0.009902 0.009922 0.009922 0.009902 0.009864 0.009804 0.009729 0.009631 0.009521 0.009387 0.009244 0.009077 0.008905 0.008708 0.008510 0.008287 0.008068 0.007824 0.007587 0.007328 0.007078 0.006807 0.006548 0.006271 0.006008 0.005728 0.005464 0.005186 0.004925 0.004652 0.004397 0.004131 0.003884 0.003627 0.003390 0.003145 0.002918 0.002685 0.002469 0.002248 0.002043 0.001834 0.001638 0.001440 0.001253 0.001064 0.000883 0.000701 0.000525 0.000348 0.000174 0.000000 
0.000000 0.000187 0.000375 0.000563 0.000756 0.000948 0.001147 0.001345 0.001553 0.001759 0.001977 0.002193 0.002424 0.002651 0.002895 0.003133 0.003390 0.003640 0.003909 0.004170 0.004451 0.004722 0.005012 0.005290 0.005587 0.005870 0.006171 0.006454 0.006755 0.007036 0.007331 0.007606 0.007891 0.008154 0.008425 0.008671 0.008922 0.009147 0.009374 0.009573 0.009770 0.009940 0.010102 0.010239 0.010364 0.010464 0.010549 0.010610 0.010653 0.010673 0.010673 0.010653 0.010610 0.010549 0.010464 0.010364 0.010239 0.010102 0.009940 0.009770 0.009573 0.009374 0.009147 0.008922 0.008671 0.008425 0.008154 0.007891 0.007606 0.007331 0.007036 0.006755 0.006454 0.006171 0.005870 0.005587 0.005290 0.005012 0.004722 0.004451 0.004170 0.003909 0.003640 0.003390 0.003133 0.002895 0.002651 0.002424 0.002193 0.001977 0.001759 0.001553 0.001345 0.001147 0.000948 0.000756 0.000563 0.000375 0.000187 0.000000 
0.000000 0.000201 0.000401 0.000605 0.000809 0.001018 0.001227 0.001445 0.001661 0.001889 0.002115 0.002356 0.002593 0.002848 0.003097 0.003365 0.003627 0.003909 0.004184 0.004479 0.004764 0.005070 0.005365 0.005680 0.005981 0.006302 0.006606 0.006929 0.007232 0.007552 0.007850 0.008162 0.008451 0.008750 0.009023 0.009304 0.009557 0.009814 0.010042 0.010269 0.010468 0.010661 0.010825 0.010980 0.011107 0.011220 0.011306 0.011375 0.011419 0.011442 0.011442 0.011419 0.011375 0.011306 0.011220 0.011107 0.010980 0.010825 0.010661 0.010468 0.010269 0.010042 0.009814 0.009557 0.009304 0.009023 0.008750 0.008451 0.008162 0.007850 0.007552 0.007232 0.006929 0.006606 0.006302 0.005981 0.005680 0.005365 0.005070 0.004764 0.004479 0.004184 0.003909 0.003627 0.003365 0.003097 0.002848 0.002593 0.002356 0.002115 0.001889 0.001661 0.001445 0.001227 0.001018 0.000809 0.000605 0.000401 0.000201 0.000000 
0.000000 0.000214 0.000430 0.000645 0.000866 0.001086 0.001314 0.001541 0.001779 0.002015 0.002265 0.002513 0.002777 0.003037 0.003316 0.003590 0.003884 0.004170 0.004479 0.004778 0.005100 0.005410 0.005742 0.006061 0.006401 0.006725 0.007069 0.007395 0.007738 0.008061 0.008399 0.008713 0.009040 0.009341 0.009651 0.009934 0.010221 0.010480 0.010738 0.010967 0.011192 0.011387 0.011573 0.011729 0.011873 0.011987 0.012085 0.012154 0.012204 0.012227 0.012227 0.012204 0.012154 0.012085 0.011987 0.011873 0.011729 0.011573 0.011387 0.011192 0.010967 0.010738 0.010480 0.010221 0.009934 0.009651 0.009341 0.009040 0.008713 0.008399 0.008061 0.007738 0.007395 0.007069 0.006725 0.006401 0.006061 0.005742 0.005410 0.005100 0.004778 0.004479 0.004170 0.003884 0.003590 0.003316 0.003037 0.002777 0.002513 0.002265 0.002015 0.001779 0.001541 0.001314 0.001086 0.000866 0.000645 0.000430 0.000214 0.000000 
0.000000 0.000229 0.000457 0.000689 0.000921 0.001159 0.001397 0.001645 0.001891 0.002151 0.002409 0.002683 0.002953 0.003242 0.003527 0.003832 0.004131 0.004451 0.004764 0.005100 0.005425 0.005773 0.006109 0.006467 0.006811 0.007175 0.007522 0.007889 0.008235 0.008598 0.008939 0.009293 0.009623 0.009962 0.010274 0.010593 0.010882 0.011173 0.011434 0.011692 0.011919 0.012138 0.012326 0.012502 0.012646 0.012775 0.012873 0.012952 0.013001 0.013028 0.013028 0.013001 0.012952 0.012873 0.012775 0.012646 0.012502 0.012326 0.012138 0.011919 0.011692 0.011434 0.011173 0.010882 0.010593 0.010274 0.009962 0.009623 0.009293 0.008939 0.008598 0.008235 0.007889 0.007522 0.007175 0.006811 0.006467 0.006109 0.005773 0.005425 0.005100 0.004764 0.004451 0.004131 0.003832 0.003527 0.003242 0.002953 0.002683 0.002409 0.002151 0.001891 0.001645 0.001397 0.001159 0.000921 0.000689 0.000457 0.000229 0.000000 
0.000000 0.000242 0.000487 0.000731 0.000980 0.001229 0.001487 0.001744 0.002014 0.002281 0.002565 0.002845 0.003144 0.003439 0.003754 0.004064 0.004397 0.004722 0.005070 0.005410 0.005773 0.006125 0.006500 0.006862 0.007246 0.007614 0.008003 0.008372 0.008760 0.009126 0.009508 0.009865 0.010234 0.010576 0.010926 0.011246 0.011571 0.011864 0.012156 0.012416 0.012670 0.012891 0.013101 0.013279 0.013441 0.013570 0.013681 0.013760 0.013815 0.013842 0.013842 0.013815 0.013760 0.013681 0.013570 0.013441 0.013279 0.013101 0.012891 0.012670 0.012416 0.012156 0.011864 0.011571 0.011246 0.010926 0.010576 0.010234 0.009865 0.009508 0.009126 0.008760 0.008372 0.008003 0.007614 0.007246 0.006862 0.006500 0.006125 0.005773 0.005410 0.005070 0.004722 0.004397 0.004064 0.003754 0.003439 0.003144 0.002845 0.002565 0.002281 0.002014 0.001744 0.001487 0.001229 0.000980 0.000731 0.000487 0.000242 0.000000 
0.000000 0.000257 0.000515 0.000776 0.001037 0.001305 0.001573 0.001852 0.002130 0.002423 0.002713 0.003021 0.003326 0.003651 0.003972 0.004315 0.004652 0.005012 0.005365 0.005742 0.006109 0.006500 0.006879 0.007282 0.007669 0.008079 0.008471 0.008882 0.009273 0.009681 0.010066 0.010464 0.010835 0.011217 0.011569 0.011927 0.012253 0.012581 0.012875 0.013165 0.013420 0.013667 0.013879 0.014076 0.014240 0.014384 0.014495 0.014583 0.014639 0.014669 0.014669 0.014639 0.014583 0.014495 0.014384 0.014240 0.014076 0.013879 0.013667 0.013420 0.013165 0.012875 0.012581 0.012253 0.011927 0.011569 0.011217 0.010835 0.010464 0.010066 0.009681 0.009273 0.008882 0.008471 0.008079 0.007669 0.007282 0.006879 0.006500 0.006109 0.005742 0.005365 0.005012 0.004652 0.004315 0.003972 0.003651 0.003326 0.003021 0.002713 0.002423 0.002130 0.001852 0.001573 0.001305 0.001037 0.000776 0.000515 0.000257 0.000000 
0.000000 0.000272 0.000545 0.000819 0.001098 0.001377 0.001666 0.001954 0.002256 0.002556 0.002873 0.003188 0.003522 0.003853 0.004206 0.004554 0.004925 0.005290 0.005680 0.006061 0.006467 0.006862 0.007282 0.007688 0.008117 0.008530 0.008965 0.009379 0.009813 0.010224 0.010651 0.011051 0.011464 0.011848 0.012239 0.012599 0.012962 0.013291 0.013617 0.013909 0.014193 0.014441 0.014676 0.014875 0.015056 0.015202 0.015325 0.015414 0.015476 0.015506 0.015506 0.015476 0.015414 0.015325 0.015202 0.015056 0.014875 0.014676 0.014441 0.014193 0.013909 0.013617 0.013291 0.012962 0.012599 0.012239 0.011848 0.011464 0.011051 0.010651 0.010224 0.009813 0.009379 0.008965 0.008530 0.008117 0.007688 0.007282 0.006862 0.006467 0.006061 0.005680 0.005290 0.004925 0.004554 0.004206 0.003853 0.003522 0.003188 0.002873 0.002556 0.002256 0.001954 0.001666 0.001377 0.001098 0.000819 0.000545 0.000272 0.000000 
0.000000 0.000287 0.000574 0.000865 0.001156 0.001455 0.001754 0.002065 0.002375 0.002701 0.003025 0.003368 0.003708 0.004070 0.004428 0.004810 0.005186 0.005587 0.005981 0.006401 0.006811 0.007246 0.007669 0.008117 0.008550 0.009006 0.009443 0.009901 0.010338 0.010792 0.011221 0.011664 0.012079 0.012504 0.012897 0.013295 0.013660 0.014024 0.014352 0.014675 0.014960 0.015235 0.015471 0.015691 0.015873 0.016034 0.016158 0.016256 0.016319 0.016352 0.016352 0.016319 0.016256 0.016158 0.016034 0.015873 0.015691 0.015471 0.015235 0.014960 0.014675 0.014352 0.014024 0.013660 0.013295 0.012897 0.012504 0.012079 0.011664 0.011221 0.010792 0.010338 0.009901 0.009443 0.009006 0.008550 0.008117 0.007669 0.007246 0.006811 0.006401 0.005981 0.005587 0.005186 0.004810 0.004428 0.004070 0.003708 0.003368 0.003025 0.002701 0.002375 0.002065 0.001754 0.001455 0.001156 0.000865 0.000574 0.000287 0.000000 
0.000000 0.000301 0.000605 0.000909 0.001219 0.001528 0.001849 0.002169 0.002503 0.002836 0.003188 0.003537 0.003908 0.004275 0.004666 0.005053 0.005464 0.005870 0.006302 0.006725 0.007175 0.007614 0.008079 0.008530 0.009006 0.009464 0.009946 0.010406 0.010887 0.011344 0.011816 0.012261 0.012719 0.013145 0.013579 0.013978 0.014380 0.014746 0.015108 0.015432 0.015746 0.016022 0.016282 0.016503 0.016704 0.016866 0.017002 0.017101 0.017170 0.017203 0.017203 0.017170 0.017101 0.017002 0.016866 0.016704 0.016503 0.016282 0.016022 0.015746 0.015432 0.015108 0.014746 0.014380 0.013978 0.013579 0.013145 0.012719 0.012261 0.011816 0.011344 0.010887 0.010406 0.009946 0.009464 0.009006 0.008530 0.008079 0.007614 0.007175 0.006725 0.006302 0.005870 0.005464 0.005053 0.004666 0.004275 0.003908 0.003537 0.003188 0.002836 0.002503 0.002169 0.001849 0.001528 0.001219 0.000909 0.000605 0.000301 0.000000 
0.000000 0.000317 0.000634 0.000956 0.001277 0.001607 0.001937 0.002281 0.002623 0.002983 0.003341 0.003719 0.004096 0.004495 0.004891 0.005312 0.005728 0.006171 0.006606 0.007069 0.007522 0.008003 0.008471 0.008965 0.009443 0.009946 0.010429 0.010935 0.011417 0.011918 0.012393 0.012882 0.013340 0.013809 0.014244 0.014683 0.015086 0.015487 0.015850 0.016206 0.016522 0.016825 0.017086 0.017329 0.017530 0.017708 0.017845 0.017953 0.018022 0.018058 0.018058 0.018022 0.017953 0.017845 0.017708 0.017530 0.017329 0.017086 0.016825 0.016522 0.016206 0.015850 0.015487 0.015086 0.014683 0.014244 0.013809 0.013340 0.012882 0.012393 0.011918 0.011417 0.010935 0.010429 0.009946 0.009443 0.008965 0.008471 0.008003 0.007522 0.007069 0.006606 0.006171 0.005728 0.005312 0.004891 0.004495 0.004096 0.003719 0.003341 0.002983 0.002623 0.002281 0.001937 0.001607 0.001277 0.000956 0.000634 0.000317 0.000000 
0.000000 0.000331 0.000665 0.000999 0.001340 0.001681 0.002033 0.002385 0.002752 0.003119 0.003505 0.003890 0.004296 0.004701 0.005130 0.005556 0.006008 0.006454 0.006929 0.007395 0.007889 0.008372 0.008882 0.009379 0.009901 0.010406 0.010935 0.011442 0.011970 0.012472 0.012991 0.013482 0.013983 0.014453 0.014929 0.015369 0.015810 0.016213 0.016610 0.016967 0.017312 0.017615 0.017901 0.018145 0.018365 0.018543 0.018693 0.018801 0.018877 0.018914 0.018914 0.018877 0.018801 0.018693 0.018543 0.018365 0.018145 0.017901 0.017615 0.017312 0.016967 0.016610 0.016213 0.015810 0.015369 0.014929 0.014453 0.013983 0.013482 0.012991 0.012472 0.011970 0.011442 0.010935 0.010406 0.009901 0.009379 0.008882 0.008372 0.007889 0.007395 0.006929 0.006454 0.006008 0.005556 0.005130 0.004701 0.004296 0.003890 0.003505 0.003119 0.002752 0.002385 0.002033 0.001681 0.001340 0.000999 0.000665 0.000331 0.000000 
0.000000 0.000347 0.000694 0.001046 0.001398 0.001759 0.002121 0.002496 0.002872 0.003265 0.003658 0.004071 0.004484 0.004920 0.005354 0.005815 0.006271 0.006755 0.007232 0.007738 0.008235 0.008760 0.009273 0.009813 0.010338 0.010887 0.011417 0.011970 0.012499 0.013046 0.013567 0.014101 0.014604 0.015115 0.015592 0.016072 0.016514 0.016953 0.017351 0.017740 0.018086 0.018417 0.018703 0.018969 0.019190 0.019383 0.019534 0.019652 0.019728 0.019767 0.019767 0.019728 0.019652 0.019534 0.019383 0.019190 0.018969 0.018703 0.018417 0.018086 0.017740 0.017351 0.016953 0.016514 0.016072 0.015592 0.015115 0.014604 0.014101 0.013567 0.013046 0.012499 0.011970 0.011417 0.010887 0.010338 0.009813 0.009273 0.008760 0.008235 0.007738 0.007232 0.006755 0.006271 0.005815 0.005354 0.004920 0.004484 0.004071 0.003658 0.003265 0.002872 0.002496 0.002121 0.001759 0.001398 0.001046 0.000694 0.000347 0.000000 
0.000000 0.000361 0.000725 0.001089 0.001460 0.001832 0.002216 0.002600 0.003000 0.003400 0.003820 0.004240 0.004683 0.005125 0.005592 0.006056 0.006548 0.007036 0.007552 0.008061 0.008598 0.009126 0.009681 0.010224 0.010792 0.011344 0.011918 0.012472 0.013046 0.013595 0.014160 0.014695 0.015241 0.015754 0.016271 0.016752 0.017232 0.017672 0.018104 0.018493 0.018869 0.019200 0.019512 0.019777 0.020017 0.020211 0.020374 0.020493 0.020575 0.020615 0.020615 0.020575 0.020493 0.020374 0.020211 0.020017 0.019777 0.019512 0.019200 0.018869 0.018493 0.018104 0.017672 0.017232 0.016752 0.016271 0.015754 0.015241 0.014695 0.014160 0.013595 0.013046 0.012472 0.011918 0.011344 0.010792 0.010224 0.009681 0.009126 0.008598 0.008061 0.007552 0.007036 0.006548 0.006056 0.005592 0.005125 0.004683 0.004240 0.003820 0.003400 0.003000 0.002600 0.002216 0.001832 0.001460 0.001089 0.000725 0.000361 0.000000 
0.000000 0.000377 0.000754 0.001135 0.001518 0.001910 0.002303 0.002710 0.003118 0.003544 0.003970 0.004419 0.004867 0.005340 0.005812 0.006311 0.006807 0.007331 0.007850 0.008399 0.008939 0.009508 0.010066 0.010651 0.011221 0.011816 0.012393 0.012991 0.013567 0.014160 0.014726 0.015304 0.015851 0.016405 0.016924 0.017444 0.017924 0.018400 0.018833 0.019254 0.019630 0.019988 0.020300 0.020587 0.020828 0.021038 0.021201 0.021329 0.021411 0.021454 0.021454 0.021411 0.021329 0.021201 0.021038 0.020828 0.020587 0.020300 0.019988 0.019630 0.019254 0.018833 0.018400 0.017924 0.017444 0.016924 0.016405 0.015851 0.015304 0.014726 0.014160 0.013567 0.012991 0.012393 0.011816 0.011221 0.010651 0.010066 0.009508 0.008939 0.008399 0.007850 0.007331 0.006807 0.006311 0.005812 0.005340 0.004867 0.004419 0.003970 0.003544 0.003118 0.002710 0.002303 0.001910 0.001518 0.001135 0.000754 0.000377 0.000000 
0.000000 0.000391 0.000784 0.001177 0.001578 0.001981 0.002395 0.002810 0.003242 0.003675 0.004129 0.004583 0.005061 0.005540 0.006044 0.006547 0.007078 0.007606 0.008162 0.008713 0.009293 0.009865 0.010464 0.011051 0.011664 0.012261 0.012882 0.013482 0.014101 0.014695 0.015304 0.015884 0.016473 0.017028 0.017586 0.018107 0.018624 0.019101 0.019567 0.019989 0.020394 0.020753 0.021088 0.021376 0.021635 0.021845 0.022021 0.022149 0.022238 0.022281 0.022281 0.022238 0.022149 0.022021 0.021845 0.021635 0.021376 0.021088 0.020753 0.020394 0.019989 0.019567 0.019101 0.018624 0.018107 0.017586 0.017028 0.016473 0.015884 0.015304 0.014695 0.014101 0.013482 0.012882 0.012261 0.011664 0.011051 0.010464 0.009865 0.009293 0.008713 0.008162 0.007606 0.007078 0.006547 0.006044 0.005540 0.005061 0.004583 0.004129 0.003675 0.003242 0.002810 0.002395 0.001981 0.001578 0.001177 0.000784 0.000391 0.000000 
0.000000 0.000405 0.000811 0.001222 0.001634 0.002056 0.002479 0.002917 0.003356 0.003814 0.004274 0.004756 0.005240 0.005748 0.006257 0.006793 0.007328 0.007891 0.008451 0.009040 0.009623 0.010234 0.010835 0.011464 0.012079 0.012719 0.013340 0.013983 0.014604 0.015241 0.015851 0.016473 0.017063 0.017658 0.018217 0.018776 0.019294 0.019805 0.020272 0.020724 0.021130 0.021515 0.021851 0.022160 0.022419 0.022644 0.022820 0.022958 0.023047 0.023093 0.023093 0.023047 0.022958 0.022820 0.022644 0.022419 0.022160 0.021851 0.021515 0.021130 0.020724 0.020272 0.019805 0.019294 0.018776 0.018217 0.017658 0.017063 0.016473 0.015851 0.015241 0.014604 0.013983 0.013340 0.012719 0.012079 0.011464 0.010835 0.010234 0.009623 0.009040 0.008451 0.007891 0.007328 0.006793 0.006257 0.005748 0.005240 0.004756 0.004274 0.003814 0.003356 0.002917 0.002479 0.002056 0.001634 0.001222 0.000811 0.000405 0.000000 
0.000000 0.000419 0.000840 0.001262 0.001692 0.002124 0.002567 0.003013 0.003476 0.003941 0.004426 0.004914 0.005426 0.005939 0.006479 0.007019 0.007587 0.008154 0.008750 0.009341 0.009962 0.010576 0.011217 0.011848 0.012504 0.013145 0.013809 0.014453 0.015115 0.015754 0.016405 0.017028 0.017658 0.018254 0.018852 0.019411 0.019965 0.020476 0.020975 0.021428 0.021862 0.022247 0.022606 0.022915 0.023192 0.023418 0.023606 0.023743 0.023839 0.023885 0.023885 0.023839 0.023743 0.023606 0.023418 0.023192 0.022915 0.022606 0.022247 0.021862 0.021428 0.020975 0.020476 0.019965 0.019411 0.018852 0.018254 0.017658 0.017028 0.016405 0.015754 0.015115 0.014453 0.013809 0.013145 0.012504 0.011848 0.011217 0.010576 0.009962 0.009341 0.008750 0.008154 0.007587 0.007019 0.006479 0.005939 0.005426 0.004914 0.004426 0.003941 0.003476 0.003013 0.002567 0.002124 0.001692 0.001262 0.000840 0.000419 0.000000 
0.000000 0.000433 0.000866 0.001305 0.001745 0.002195 0.002647 0.003114 0.003584 0.004072 0.004564 0.005078 0.005595 0.006137 0.006681 0.007252 0.007824 0.008425 0.009023 0.009651 0.010274 0.010926 0.011569 0.012239 0.012897 0.013579 0.014244 0.014929 0.015592 0.016271 0.016924 0.017586 0.018217 0.018852 0.019450 0.020045 0.020599 0.021144 0.021643 0.022125 0.022559 0.022969 0.023329 0.023658 0.023935 0.024175 0.024364 0.024510 0.024605 0.024655 0.024655 0.024605 0.024510 0.024364 0.024175 0.023935 0.023658 0.023329 0.022969 0.022559 0.022125 0.021643 0.021144 0.020599 0.020045 0.019450 0.018852 0.018217 0.017586 0.016924 0.016271 0.015592 0.014929 0.014244 0.013579 0.012897 0.012239 0.011569 0.010926 0.010274 0.009651 0.009023 0.008425 0.007824 0.007252 0.006681 0.006137 0.005595 0.005078 0.004564 0.004072 0.003584 0.003114 0.002647 0.002195 0.001745 0.001305 0.000866 0.000433 0.000000 
0.000000 0.000445 0.000893 0.001343 0.001799 0.002258 0.002730 0.003204 0.003696 0.004191 0.004706 0.005226 0.005769 0.006316 0.006889 0.007464 0.008068 0.008671 0.009304 0.009934 0.010593 0.011246 0.011927 0.012599 0.013295 0.013978 0.014683 0.015369 0.016072 0.016752 0.017444 0.018107 0.018776 0.019411 0.020045 0.020641 0.021228 0.021773 0.022303 0.022785 0.023245 0.023656 0.024037 0.024366 0.024660 0.024901 0.025100 0.025247 0.025348 0.025397 0.025397 0.025348 0.025247 0.025100 0.024901 0.024660 0.024366 0.024037 0.023656 0.023245 0.022785 0.022303 0.021773 0.021228 0.020641 0.020045 0.019411 0.018776 0.018107 0.017444 0.016752 0.016072 0.015369 0.014683 0.013978 0.013295 0.012599 0.011927 0.011246 0.010593 0.009934 0.009304 0.008671 0.008068 0.007464 0.006889 0.006316 0.005769 0.005226 0.004706 0.004191 0.003696 0.003204 0.002730 0.002258 0.001799 0.001343 0.000893 0.000445 0.000000 
0.000000 0.000458 0.000918 0.001382 0.001848 0.002324 0.002804 0.003298 0.003796 0.004313 0.004834 0.005378 0.005926 0.006499 0.007076 0.007681 0.008287 0.008922 0.009557 0.010221 0.010882 0.011571 0.012253 0.012962 0.013660 0.014380 0.015086 0.015810 0.016514 0.017232 0.017924 0.018624 0.019294 0.019965 0.020599 0.021228 0.021817 0.022392 0.022922 0.023431 0.023892 0.024325 0.024707 0.025055 0.025349 0.025603 0.025802 0.025957 0.026058 0.026110 0.026110 0.026058 0.025957 0.025802 0.025603 0.025349 0.025055 0.024707 0.024325 0.023892 0.023431 0.022922 0.022392 0.021817 0.021228 0.020599 0.019965 0.019294 0.018624 0.017924 0.017232 0.016514 0.015810 0.015086 0.014380 0.013660 0.012962 0.012253 0.011571 0.010882 0.010221 0.009557 0.008922 0.008287 0.007681 0.007076 0.006499 0.005926 0.005378 0.004834 0.004313 0.003796 0.003298 0.002804 0.002324 0.001848 0.001382 0.000918 0.000458 0.000000 
0.000000 0.000470 0.000942 0.001416 0.001898 0.002382 0.002879 0.003380 0.003898 0.004421 0.004964 0.005513 0.006085 0.006663 0.007267 0.007874 0.008510 0.009147 0.009814 0.010480 0.011173 0.011864 0.012581 0.013291 0.014024 0.014746 0.015487 0.016213 0.016953 0.017672 0.018400 0.019101 0.019805 0.020476 0.021144 0.021773 0.022392 0.022967 0.023525 0.024035 0.024519 0.024953 0.025354 0.025702 0.026012 0.026266 0.026476 0.026631 0.026737 0.026789 0.026789 0.026737 0.026631 0.026476 0.026266 0.026012 0.025702 0.025354 0.024953 0.024519 0.024035 0.023525 0.022967 0.022392 0.021773 0.021144 0.020476 0.019805 0.019101 0.018400 0.017672 0.016953 0.016213 0.015487 0.014746 0.014024 0.013291 0.012581 0.011864 0.011173 0.010480 0.009814 0.009147 0.008510 0.007874 0.007267 0.006663 0.006085 0.005513 0.004964 0.004421 0.003898 0.003380 0.002879 0.002382 0.001898 0.001416 0.000942 0.000470 0.000000 
0.000000 0.000482 0.000964 0.001452 0.001942 0.002442 0.002946 0.003465 0.003988 0.004531 0.005079 0.005650 0.006227 0.006828 0.007435 0.008069 0.008708 0.009374 0.010042 0.010738 0.011434 0.012156 0.012875 0.013617 0.014352 0.015108 0.015850 0.016610 0.017351 0.018104 0.018833 0.019567 0.020272 0.020975 0.021643 0.022303 0.022922 0.023525 0.024083 0.024617 0.025102 0.025556 0.025958 0.026322 0.026632 0.026898 0.027109 0.027271 0.027378 0.027432 0.027432 0.027378 0.027271 0.027109 0.026898 0.026632 0.026322 0.025958 0.025556 0.025102 0.024617 0.024083 0.023525 0.022922 0.022303 0.021643 0.020975 0.020272 0.019567 0.018833 0.018104 0.017351 0.016610 0.015850 0.015108 0.014352 0.013617 0.012875 0.012156 0.011434 0.010738 0.010042 0.009374 0.008708 0.008069 0.007435 0.006828 0.006227 0.005650 0.005079 0.004531 0.003988 0.003465 0.002946 0.002442 0.001942 0.001452 0.000964 0.000482 0.000000 
0.000000 0.000492 0.000986 0.001482 0.001986 0.002493 0.003013 0.003538 0.004079 0.004627 0.005195 0.005770 0.006368 0.006973 0.007604 0.008241 0.008905 0.009573 0.010269 0.010967 0.011692 0.012416 0.013165 0.013909 0.014675 0.015432 0.016206 0.016967 0.017740 0.018493 0.019254 0.019989 0.020724 0.021428 0.022125 0.022785 0.023431 0.024035 0.024617 0.025152 0.025658 0.026113 0.026532 0.026896 0.027219 0.027486 0.027706 0.027868 0.027979 0.028034 0.028034 0.027979 0.027868 0.027706 0.027486 0.027219 0.026896 0.026532 0.026113 0.025658 0.025152 0.024617 0.024035 0.023431 0.022785 0.022125 0.021428 0.020724 0.019989 0.019254 0.018493 0.017740 0.016967 0.016206 0.015432 0.014675 0.013909 0.013165 0.012416 0.011692 0.010967 0.010269 0.009573 0.008905 0.008241 0.007604 0.006973 0.006368 0.005770 0.005195 0.004627 0.004079 0.003538 0.003013 0.002493 0.001986 0.001482 0.000986 0.000492 0.000000 
0.000000 0.000502 0.001005 0.001513 0.002024 0.002545 0.003071 0.003611 0.004158 0.004722 0.005295 0.005889 0.006491 0.007117 0.007751 0.008410 0.009077 0.009770 0.010468 0.011192 0.011919 0.012670 0.013420 0.014193 0.014960 0.015746 0.016522 0.017312 0.018086 0.018869 0.019630 0.020394 0.021130 0.021862 0.022559 0.023245 0.023892 0.024519 0.025102 0.025658 0.026164 0.026637 0.027056 0.027436 0.027759 0.028036 0.028256 0.028424 0.028536 0.028592 0.028592 0.028536 0.028424 0.028256 0.028036 0.027759 0.027436 0.027056 0.026637 0.026164 0.025658 0.025102 0.024519 0.023892 0.023245 0.022559 0.021862 0.021130 0.020394 0.019630 0.018869 0.018086 0.017312 0.016522 0.015746 0.014960 0.014193 0.013420 0.012670 0.011919 0.011192 0.010468 0.009770 0.009077 0.008410 0.007751 0.007117 0.006491 0.005889 0.005295 0.004722 0.004158 0.003611 0.003071 0.002545 0.002024 0.001513 0.001005 0.000502 0.000000 
0.000000 0.000511 0.001024 0.001539 0.002062 0.002589 0.003128 0.003673 0.004235 0.004804 0.005393 0.005991 0.006611 0.007240 0.007894 0.008556 0.009244 0.009940 0.010661 0.011387 0.012138 0.012891 0.013667 0.014441 0.015235 0.016022 0.016825 0.017615 0.018417 0.019200 0.019988 0.020753 0.021515 0.022247 0.022969 0.023656 0.024325 0.024953 0.025556 0.026113 0.026637 0.027110 0.027544 0.027924 0.028258 0.028536 0.028763 0.028932 0.029047 0.029104 0.029104 0.029047 0.028932 0.028763 0.028536 0.028258 0.027924 0.027544 0.027110 0.026637 0.026113 0.025556 0.024953 0.024325 0.023656 0.022969 0.022247 0.021515 0.020753 0.019988 0.019200 0.018417 0.017615 0.016825 0.016022 0.015235 0.014441 0.013667 0.012891 0.012138 0.011387 0.010661 0.009940 0.009244 0.008556 0.007894 0.007240 0.006611 0.005991 0.005393 0.004804 0.004235 0.003673 0.003128 0.002589 0.002062 0.001539 0.001024 0.000511 0.000000 
0.000000 0.000519 0.001039 0.001564 0.002093 0.002632 0.003176 0.003734 0.004300 0.004883 0.005476 0.006089 0.006713 0.007359 0.008015 0.008697 0.009387 0.010102 0.010825 0.011573 0.012326 0.013101 0.013879 0.014676 0.015471 0.016282 0.017086 0.017901 0.018703 0.019512 0.020300 0.021088 0.021851 0.022606 0.023329 0.024037 0.024707 0.025354 0.025958 0.026532 0.027056 0.027544 0.027979 0.028370 0.028705 0.028991 0.029219 0.029393 0.029508 0.029567 0.029567 0.029508 0.029393 0.029219 0.028991 0.028705 0.028370 0.027979 0.027544 0.027056 0.026532 0.025958 0.025354 0.024707 0.024037 0.023329 0.022606 0.021851 0.021088 0.020300 0.019512 0.018703 0.017901 0.017086 0.016282 0.015471 0.014676 0.013879 0.013101 0.012326 0.011573 0.010825 0.010102 0.009387 0.008697 0.008015 0.007359 0.006713 0.006089 0.005476 0.004883 0.004300 0.003734 0.003176 0.002632 0.002093 0.001564 0.001039 0.000519 0.000000 
0.000000 0.000526 0.001054 0.001585 0.002124 0.002667 0.003222 0.003784 0.004362 0.004949 0.005555 0.006171 0.006809 0.007458 0.008130 0.008814 0.009521 0.010239 0.010980 0.011729 0.012502 0.013279 0.014076 0.014875 0.015691 0.016503 0.017329 0.018145 0.018969 0.019777 0.020587 0.021376 0.022160 0.022915 0.023658 0.024366 0.025055 0.025702 0.026322 0.026896 0.027436 0.027924 0.028370 0.028762 0.029106 0.029392 0.029626 0.029800 0.029918 0.029977 0.029977 0.029918 0.029800 0.029626 0.029392 0.029106 0.028762 0.028370 0.027924 0.027436 0.026896 0.026322 0.025702 0.025055 0.024366 0.023658 0.022915 0.022160 0.021376 0.020587 0.019777 0.018969 0.018145 0.017329 0.016503 0.015691 0.014875 0.014076 0.013279 0.012502 0.011729 0.010980 0.010239 0.009521 0.008814 0.008130 0.007458 0.006809 0.006171 0.005555 0.004949 0.004362 0.003784 0.003222 0.002667 0.002124 0.001585 0.001054 0.000526 0.000000 
