0.000000 0.000000 0.000000 0.000000 0.000000 0.000000 0.000000 0.000000 0.000000 0.000000 0.000000 0.000000 0.000000 0.000000 0.000000 0.000000 0.000000 0.000000 0.000000 0.000000 0.000000 0.000000 0.000000 0.000000 0.000000 0.000000 0.000000 0.000000 0.000000 0.000000 0.000000 0.000000 0.000000 0.000000 0.000000 0.000000 0.000000 0.000000 0.000000 0.000000 0.000000 0.000000 0.000000 0.000000 0.000000 0.000000 0.000000 0.000000 0.000000 0.000000 0.000000 0.000000 0.000000 0.000000 0.000000 0.000000 0.000000 0.000000 0.000000 0.000000 0.000000 0.000000 0.000000 0.000000 0.000000 0.000000 0.000000 0.000000 0.000000 0.000000 0.000000 0.000000 0.000000 0.000000 0.000000 0.000000 0.000000 0.000000 0.000000 0.000000 0.000000 0.000000 0.000000 0.000000 0.000000 0.000000 0.000000 0.000000 0.000000 0.000000 0.000000 0.000000 0.000000 0.000000 0.000000 0.000000 0.000000 0.000000 0.000000 0.000000 
0.000000 0.000000 0.000000 0.000000 0.000000 0.000000 0.000000 0.000000 0.000000 0.000000 0.000000 0.000000 0.000000 0.000000 0.000000 0.000000 0.000000 0.000000 0.000000 0.000000 0.000000 0.000000 0.000000 0.000000 0.000000 0.000000 0.000000 0.000000 0.000000 0.000000 0.000000 0.000000 0.000000 0.000000 0.000001 0.000001 0.000001 0.000001 0.000001 0.000001 0.000001 0.000001 0.000001 0.000001 0.000001 0.000001 0.000001 0.000002 0.000002 0.000002 0.000002 0.000002 0.000002 0.000001 0.000001 0.000001 0.000001 0.000001 0.000001 0.000001 0.000001 0.000001 0.000001 0.000001 0.000001 0.000001 0.000000 0.000000 0.000000 0.000000 0.000000 0.000000 0.000000 0.000000 0.000000 0.000000 0.000000 0.000000 0.000000 0.000000 0.000000 0.000000 0.000000 0.000000 0.000000 0.000000 0.000000 0.000000 0.000000 0.000000 0.000000 0.000000 0.000000 0.000000 0.000000 0.000000 0.000000 0.000000 0.000000 0.000000 
0.000000 0.000000 0.000000 0.000000 0.000000 0.000000 0.000000 0.000000 0.000000 0.000000 0.000000 0.000000 0.000000 0.000000 0.000000 0.000000 0.000000 0.000000 0.000000 0.000000 0.000000 0.000000 0.000000 0.000000 0.000000 0.000000 0.000000 0.000000 0.000000 0.000000 0.000001 0.000001 0.000001 0.000001 0.000001 0.000001 0.000001 0.000002 0.000002 0.000002 0.000002 0.000002 0.000003 0.000003 0.000003 0.000003 0.000003 0.000003 0.000003 0.000003 0.000003 0.000003 0.000003 0.000003 0.000003 0.000003 0.000003 0.000003 0.000002 0.000002 0.000002 0.000002 0.000002 0.000001 0.000001 0.000001 0.000001 0.000001 0.000001 0.000001 0.000000 0.000000 0.000000 0.000000 0.000000 0.000000 0.000000 0.000000 0.000000 0.000000 0.000000 0.000000 0.000000 0.000000 0.000000 0.000000 0.000000 0.000000 0.000000 0.000000 0.000000 0.000000 0.000000 0.000000 0.000000 0.000000 0.000000 0.000000 0.000000 0.000000 
0.000000 0.000000 0.000000 0.000000 0.000000 0.000000 0.000000 0.000000 0.000000 0.000000 0.000000 0.000000 0.000000 0.000000 0.000000 0.000000 0.000000 0.000000 0.000000 0.000000 0.000000 0.000000 0.000000 0.000000 0.000000 0.000000 0.000000 0.000001 0.000001 0.000001 0.000001 0.000001 0.000001 0.000002 0.000002 0.000002 0.000003 0.000003 0.000003 0.000003 0.000004 0.000004 0.000005 0.000005 0.000005 0.000005 0.000006 0.000006 0.000006 0.000006 0.000006 0.000006 0.000006 0.000006 0.000005 0.000005 0.000005 0.000005 0.000004 0.000004 0.000003 0.000003 0.000003 0.000003 0.000002 0.000002 0.000002 0.000001 0.000001 0.000001 0.000001 0.000001 0.000001 0.000000 0.000000 0.000000 0.000000 0.000000 0.000000 0.000000 0.000000 0.000000 0.000000 0.000000 0.000000 0.000000 0.000000 0.000000 0.000000 0.000000 0.000000 0.000000 0.000000 0.000000 0.000000 0.000000 0.000000 0.000000 0.000000 0.000000 
0.000000 0.000000 0.000000 0.000000 0.000000 0.000000 0.000000 0.000000 0.000000 0.000000 0.000000 0.000000 0.000000 0.000000 0.000000 0.000000 0.000000 0.000000 0.000000 0.000000 0.000000 0.000000 0.000000 0.000000 0.000000 0.000001 0.000001 0.000001 0.000001 0.000001 0.000002 0.000002 0.000002 0.000003 0.000003 0.000004 0.000004 0.000005 0.000005 0.000006 0.000006 0.000007 0.000007 0.000008 0.000008 0.000009 0.000009 0.000009 0.000009 0.000010 0.000010 0.000009 0.000009 0.000009 0.000009 0.000008 0.000008 0.000007 0.000007 0.000006 0.000006 0.000005 0.000005 0.000004 0.000004 0.000003 0.000003 0.000002 0.000002 0.000002 0.000001 0.000001 0.000001 0.000001 0.000001 0.000000 0.000000 0.000000 0.000000 0.000000 0.000000 0.000000 0.000000 0.000000 0.000000 0.000000 0.000000 0.000000 0.000000 0.000000 0.000000 0.000000 0.000000 0.000000 0.000000 0.000000 0.000000 0.000000 0.000000 0.000000 
0.000000 0.000000 0.000000 0.000000 0.000000 0.000000 0.000000 0.000000 0.000000 0.000000 0.000000 0.000000 0.000000 0.000000 0.000000 0.000000 0.000000 0.000000 0.000000 0.000000 0.000000 0.000000 0.000000 0.000001 0.000001 0.000001 0.000001 0.000001 0.000002 0.000002 0.000002 0.000003 0.000004 0.000004 0.000005 0.000005 0.000006 0.000007 0.000008 0.000009 0.000010 0.000010 0.000011 0.000012 0.000013 0.000013 0.000014 0.000014 0.000015 0.000015 0.000015 0.000015 0.000014 0.000014 0.000013 0.000013 0.000012 0.000011 0.000010 0.000010 0.000009 0.000008 0.000007 0.000006 0.000005 0.000005 0.000004 0.000004 0.000003 0.000002 0.000002 0.000002 0.000001 0.000001 0.000001 0.000001 0.000001 0.000000 0.000000 0.000000 0.000000 0.000000 0.000000 0.000000 0.000000 0.000000 0.000000 0.000000 0.000000 0.000000 0.000000 0.000000 0.000000 0.000000 0.000000 0.000000 0.000000 0.000000 0.000000 0.000000 
0.000000 0.000000 0.000000 0.000000 0.000000 0.000000 0.000000 0.000000 0.000000 0.000000 0.000000 0.000000 0.000000 0.000000 0.000000 0.000000 0.000000 0.000000 0.000000 0.000000 0.000000 0.000000 0.000001 0.000001 0.000001 0.000001 0.000002 0.000002 0.000002 0.000003 0.000004 0.000005 0.000005 0.000006 0.000007 0.000008 0.000009 0.000011 0.000012 0.000013 0.000015 0.000016 0.000017 0.000019 0.000019 0.000021 0.000021 0.000022 0.000022 0.000023 0.000023 0.000022 0.000022 0.000021 0.000021 0.000019 0.000019 0.000017 0.000016 0.000015 0.000013 0.000012 0.000011 0.000009 0.000008 0.000007 0.000006 0.000005 0.000005 0.000004 0.000003 0.000002 0.000002 0.000002 0.000001 0.000001 0.000001 0.000001 0.000000 0.000000 0.000000 0.000000 0.000000 0.000000 0.000000 0.000000 0.000000 0.000000 0.000000 0.000000 0.000000 0.000000 0.000000 0.000000 0.000000 0.000000 0.000000 0.000000 0.000000 0.000000 
0.000000 0.000000 0.000000 0.000000 0.000000 0.000000 0.000000 0.000000 0.000000 0.000000 0.000000 0.000000 0.000000 0.000000 0.000000 0.000000 0.000000 0.000000 0.000000 0.000000 0.000001 0.000001 0.000001 0.000001 0.000002 0.000002 0.000003 0.000003 0.000004 0.000005 0.000006 0.000007 0.000008 0.000009 0.000011 0.000012 0.000014 0.000016 0.000018 0.000020 0.000022 0.000024 0.000026 0.000028 0.000029 0.000031 0.000032 0.000033 0.000034 0.000034 0.000034 0.000034 0.000033 0.000032 0.000031 0.000029 0.000028 0.000026 0.000024 0.000022 0.000020 0.000018 0.000016 0.000014 0.000012 0.000011 0.000009 0.000008 0.000007 0.000006 0.000005 0.000004 0.000003 0.000003 0.000002 0.000002 0.000001 0.000001 0.000001 0.000001 0.000000 0.000000 0.000000 0.000000 0.000000 0.000000 0.000000 0.000000 0.000000 0.000000 0.000000 0.000000 0.000000 0.000000 0.000000 0.000000 0.000000 0.000000 0.000000 0.000000 
0.000000 0.000000 0.000000 0.000000 0.000000 0.000000 0.000000 0.000000 0.000000 0.000000 0.000000 0.000000 0.000000 0.000000 0.000000 0.000000 0.000000 0.000000 0.000000 0.000001 0.000001 0.000001 0.000001 0.000002 0.000002 0.000003 0.000004 0.000005 0.000005 0.000007 0.000008 0.000010 0.000012 0.000014 0.000016 0.000019 0.000021 0.000024 0.000027 0.000030 0.000032 0.000036 0.000038 0.000041 0.000043 0.000046 0.000047 0.000049 0.000050 0.000050 0.000050 0.000050 0.000049 0.000047 0.000046 0.000043 0.000041 0.000038 0.000036 0.000032 0.000030 0.000027 0.000024 0.000021 0.000019 0.000016 0.000014 0.000012 0.000010 0.000008 0.000007 0.000005 0.000005 0.000004 0.000003 0.000002 0.000002 0.000001 0.000001 0.000001 0.000001 0.000000 0.000000 0.000000 0.000000 0.000000 0.000000 0.000000 0.000000 0.000000 0.000000 0.000000 0.000000 0.000000 0.000000 0.000000 0.000000 0.000000 0.000000 0.000000 
0.000000 0.000000 0.000000 0.000000 0.000000 0.000000 0.000000 0.000000 0.000000 0.000000 0.000000 0.000000 0.000000 0.000000 0.000000 0.000000 0.000000 0.000000 0.000001 0.000001 0.000001 0.000002 0.000002 0.000003 0.000003 0.000004 0.000005 0.000007 0.000008 0.000010 0.000012 0.000014 0.000018 0.000020 0.000024 0.000027 0.000032 0.000035 0.000040 0.000043 0.000049 0.000052 0.000057 0.000060 0.000064 0.000067 0.000070 0.000071 0.000073 0.000074 0.000074 0.000073 0.000071 0.000070 0.000067 0.000064 0.000060 0.000057 0.000052 0.000049 0.000043 0.000040 0.000035 0.000032 0.000027 0.000024 0.000020 0.000018 0.000014 0.000012 0.000010 0.000008 0.000007 0.000005 0.000004 0.000003 0.000003 0.000002 0.000002 0.000001 0.000001 0.000001 0.000000 0.000000 0.000000 0.000000 0.000000 0.000000 0.000000 0.000000 0.000000 0.000000 0.000000 0.000000 0.000000 0.000000 0.000000 0.000000 0.000000 0.000000 
0.000000 0.000000 0.000000 0.000000 0.000000 0.000000 0.000000 0.000000 0.000000 0.000000 0.000000 0.000000 0.000000 0.000000 0.000000 0.000000 0.000000 0.000001 0.000001 0.000001 0.000002 0.000002 0.000003 0.000004 0.000005 0.000006 0.000008 0.000010 0.000012 0.000015 0.000018 0.000022 0.000025 0.000030 0.000034 0.000040 0.000045 0.000052 0.000057 0.000064 0.000070 0.000077 0.000082 0.000088 0.000093 0.000098 0.000101 0.000104 0.000106 0.000107 0.000107 0.000106 0.000104 0.000101 0.000098 0.000093 0.000088 0.000082 0.000077 0.000070 0.000064 0.000057 0.000052 0.000045 0.000040 0.000034 0.000030 0.000025 0.000022 0.000018 0.000015 0.000012 0.000010 0.000008 0.000006 0.000005 0.000004 0.000003 0.000002 0.000002 0.000001 0.000001 0.000001 0.000000 0.000000 0.000000 0.000000 0.000000 0.000000 0.000000 0.000000 0.000000 0.000000 0.000000 0.000000 0.000000 0.000000 0.000000 0.000000 0.000000 
0.000000 0.000000 0.000000 0.000000 0.000000 0.000000 0.000000 0.000000 0.000000 0.000000 0.000000 0.000000 0.000000 0.000000 0.000000 0.000001 0.000001 0.000001 0.000001 0.000002 0.000003 0.000003 0.000004 0.000005 0.000007 0.000009 0.000012 0.000014 0.000018 0.000021 0.000026 0.000030 0.000037 0.000042 0.000051 0.000057 0.000066 0.000073 0.000084 0.000091 0.000102 0.000109 0.000119 0.000126 0.000135 0.000140 0.000146 0.000150 0.000153 0.000154 0.000154 0.000153 0.000150 0.000146 0.000140 0.000135 0.000126 0.000119 0.000109 0.000102 0.000091 0.000084 0.000073 0.000066 0.000057 0.000051 0.000042 0.000037 0.000030 0.000026 0.000021 0.000018 0.000014 0.000012 0.000009 0.000007 0.000005 0.000004 0.000003 0.000003 0.000002 0.000001 0.000001 0.000001 0.000001 0.000000 0.000000 0.000000 0.000000 0.000000 0.000000 0.000000 0.000000 0.000000 0.000000 0.000000 0.000000 0.000000 0.000000 0.000000 
0.000000 0.000000 0.000000 0.000000 0.000000 0.000000 0.000000 0.000000 0.000000 0.000000 0.000000 0.000000 0.000000 0.000000 0.000001 0.000001 0.000001 0.000002 0.000002 0.000003 0.000004 0.000005 0.000006 0.000008 0.000010 0.000013 0.000016 0.000021 0.000025 0.000031 0.000036 0.000045 0.000051 0.000062 0.000070 0.000083 0.000093 0.000107 0.000117 0.000133 0.000143 0.000158 0.000168 0.000182 0.000191 0.000201 0.000208 0.000215 0.000218 0.000220 0.000220 0.000218 0.000215 0.000208 0.000201 0.000191 0.000182 0.000168 0.000158 0.000143 0.000133 0.000117 0.000107 0.000093 0.000083 0.000070 0.000062 0.000051 0.000045 0.000036 0.000031 0.000025 0.000021 0.000016 0.000013 0.000010 0.000008 0.000006 0.000005 0.000004 0.000003 0.000002 0.000002 0.000001 0.000001 0.000001 0.000000 0.000000 0.000000 0.000000 0.000000 0.000000 0.000000 0.000000 0.000000 0.000000 0.000000 0.000000 0.000000 0.000000 
0.000000 0.000000 0.000000 0.000000 0.000000 0.000000 0.000000 0.000000 0.000000 0.000000 0.000000 0.000000 0.000000 0.000001 0.000001 0.000001 0.000002 0.000002 0.000003 0.000004 0.000005 0.000007 0.000009 0.000011 0.000015 0.000018 0.000024 0.000028 0.000036 0.000042 0.000053 0.000061 0.000075 0.000086 0.000102 0.000115 0.000134 0.000148 0.000169 0.000184 0.000206 0.000221 0.000241 0.000254 0.000272 0.000282 0.000295 0.000302 0.000309 0.000311 0.000311 0.000309 0.000302 0.000295 0.000282 0.000272 0.000254 0.000241 0.000221 0.000206 0.000184 0.000169 0.000148 0.000134 0.000115 0.000102 0.000086 0.000075 0.000061 0.000053 0.000042 0.000036 0.000028 0.000024 0.000018 0.000015 0.000011 0.000009 0.000007 0.000005 0.000004 0.000003 0.000002 0.000002 0.000001 0.000001 0.000001 0.000000 0.000000 0.000000 0.000000 0.000000 0.000000 0.000000 0.000000 0.000000 0.000000 0.000000 0.000000 0.000000 
0.000000 0.000000 0.000000 0.000000 0.000000 0.000000 0.000000 0.000000 0.000000 0.000000 0.000000 0.000000 0.000001 0.000001 0.000001 0.000002 0.000002 0.000003 0.000004 0.000006 0.000007 0.000010 0.000012 0.000016 0.000020 0.000026 0.000032 0.000041 0.000049 0.000062 0.000072 0.000089 0.000102 0.000123 0.000140 0.000165 0.000184 0.000212 0.000233 0.000262 0.000284 0.000313 0.000333 0.000359 0.000377 0.000398 0.000410 0.000424 0.000431 0.000435 0.000435 0.000431 0.000424 0.000410 0.000398 0.000377 0.000359 0.000333 0.000313 0.000284 0.000262 0.000233 0.000212 0.000184 0.000165 0.000140 0.000123 0.000102 0.000089 0.000072 0.000062 0.000049 0.000041 0.000032 0.000026 0.000020 0.000016 0.000012 0.000010 0.000007 0.000006 0.000004 0.000003 0.000002 0.000002 0.000001 0.000001 0.000001 0.000000 0.000000 0.000000 0.000000 0.000000 0.000000 0.000000 0.000000 0.000000 0.000000 0.000000 0.000000 
0.000000 0.000000 0.000000 0.000000 0.000000 0.000000 0.000000 0.000000 0.000000 0.000000 0.000000 0.000001 0.000001 0.000001 0.000002 0.000002 0.000003 0.000004 0.000006 0.000007 0.000010 0.000013 0.000018 0.000022 0.000029 0.000035 0.000046 0.000055 0.000070 0.000083 0.000103 0.000120 0.000146 0.000167 0.000198 0.000223 0.000260 0.000288 0.000328 0.000358 0.000399 0.000428 0.000467 0.000493 0.000526 0.000548 0.000572 0.000585 0.000598 0.000603 0.000603 0.000598 0.000585 0.000572 0.000548 0.000526 0.000493 0.000467 0.000428 0.000399 0.000358 0.000328 0.000288 0.000260 0.000223 0.000198 0.000167 0.000146 0.000120 0.000103 0.000083 0.000070 0.000055 0.000046 0.000035 0.000029 0.000022 0.000018 0.000013 0.000010 0.000007 0.000006 0.000004 0.000003 0.000002 0.000002 0.000001 0.000001 0.000001 0.000000 0.000000 0.000000 0.000000 0.000000 0.000000 0.000000 0.000000 0.000000 0.000000 0.000000 
0.000000 0.000000 0.000000 0.000000 0.000000 0.000000 0.000000 0.000000 0.000000 0.000000 0.000000 0.000001 0.000001 0.000002 0.000002 0.000003 0.000004 0.000006 0.000008 0.000011 0.000014 0.000019 0.000023 0.000031 0.000038 0.000050 0.000061 0.000079 0.000094 0.000118 0.000138 0.000169 0.000195 0.000235 0.000267 0.000313 0.000350 0.000403 0.000443 0.000499 0.000540 0.000595 0.000634 0.000684 0.000717 0.000756 0.000781 0.000806 0.000819 0.000828 0.000828 0.000819 0.000806 0.000781 0.000756 0.000717 0.000684 0.000634 0.000595 0.000540 0.000499 0.000443 0.000403 0.000350 0.000313 0.000267 0.000235 0.000195 0.000169 0.000138 0.000118 0.000094 0.000079 0.000061 0.000050 0.000038 0.000031 0.000023 0.000019 0.000014 0.000011 0.000008 0.000006 0.000004 0.000003 0.000002 0.000002 0.000001 0.000001 0.000000 0.000000 0.000000 0.000000 0.000000 0.000000 0.000000 0.000000 0.000000 0.000000 0.000000 
0.000000 0.000000 0.000000 0.000000 0.000000 0.000000 0.000000 0.000000 0.000000 0.000000 0.000001 0.000001 0.000002 0.000002 0.000003 0.000004 0.000006 0.000008 0.000011 0.000014 0.000019 0.000024 0.000033 0.000041 0.000054 0.000066 0.000086 0.000104 0.000132 0.000156 0.000193 0.000225 0.000273 0.000312 0.000371 0.000418 0.000486 0.000539 0.000613 0.000669 0.000744 0.000799 0.000871 0.000921 0.000982 0.001021 0.001066 0.001092 0.001115 0.001124 0.001124 0.001115 0.001092 0.001066 0.001021 0.000982 0.000921 0.000871 0.000799 0.000744 0.000669 0.000613 0.000539 0.000486 0.000418 0.000371 0.000312 0.000273 0.000225 0.000193 0.000156 0.000132 0.000104 0.000086 0.000066 0.000054 0.000041 0.000033 0.000024 0.000019 0.000014 0.000011 0.000008 0.000006 0.000004 0.000003 0.000002 0.000002 0.000001 0.000001 0.000000 0.000000 0.000000 0.000000 0.000000 0.000000 0.000000 0.000000 0.000000 0.000000 
0.000000 0.000000 0.000000 0.000000 0.000000 0.000000 0.000000 0.000000 0.000000 0.000001 0.000001 0.000001 0.000002 0.000003 0.000004 0.000006 0.000008 0.000011 0.000014 0.000020 0.000025 0.000034 0.000043 0.000058 0.000071 0.000093 0.000113 0.000144 0.000172 0.000216 0.000253 0.000311 0.000359 0.000431 0.000489 0.000575 0.000642 0.000738 0.000812 0.000914 0.000989 0.001089 0.001161 0.001251 0.001312 0.001384 0.001428 0.001475 0.001498 0.001514 0.001514 0.001498 0.001475 0.001428 0.001384 0.001312 0.001251 0.001161 0.001089 0.000989 0.000914 0.000812 0.000738 0.000642 0.000575 0.000489 0.000431 0.000359 0.000311 0.000253 0.000216 0.000172 0.000144 0.000113 0.000093 0.000071 0.000058 0.000043 0.000034 0.000025 0.000020 0.000014 0.000011 0.000008 0.000006 0.000004 0.000003 0.000002 0.000001 0.000001 0.000001 0.000000 0.000000 0.000000 0.000000 0.000000 0.000000 0.000000 0.000000 0.000000 
0.000000 0.000000 0.000000 0.000000 0.000000 0.000000 0.000000 0.000000 0.000001 0.000001 0.000001 0.000002 0.000003 0.000004 0.000006 0.000007 0.000011 0.000014 0.000020 0.000025 0.000035 0.000044 0.000060 0.000074 0.000098 0.000120 0.000156 0.000187 0.000237 0.000281 0.000348 0.000405 0.000491 0.000562 0.000667 0.000752 0.000873 0.000969 0.001101 0.001202 0.001337 0.001436 0.001563 0.001653 0.001762 0.001834 0.001913 0.001960 0.002002 0.002018 0.002018 0.002002 0.001960 0.001913 0.001834 0.001762 0.001653 0.001563 0.001436 0.001337 0.001202 0.001101 0.000969 0.000873 0.000752 0.000667 0.000562 0.000491 0.000405 0.000348 0.000281 0.000237 0.000187 0.000156 0.000120 0.000098 0.000074 0.000060 0.000044 0.000035 0.000025 0.000020 0.000014 0.000011 0.000007 0.000006 0.000004 0.000003 0.000002 0.000001 0.000001 0.000001 0.000000 0.000000 0.000000 0.000000 0.000000 0.000000 0.000000 0.000000 
0.000000 0.000000 0.000000 0.000000 0.000000 0.000000 0.000000 0.000001 0.000001 0.000001 0.000002 0.000003 0.000004 0.000005 0.000007 0.000010 0.000014 0.000019 0.000025 0.000035 0.000045 0.000061 0.000076 0.000102 0.000126 0.000165 0.000200 0.000256 0.000305 0.000382 0.000449 0.000549 0.000635 0.000760 0.000864 0.001013 0.001134 0.001301 0.001433 0.001610 0.001744 0.001918 0.002045 0.002202 0.002311 0.002436 0.002515 0.002596 0.002638 0.002666 0.002666 0.002638 0.002596 0.002515 0.002436 0.002311 0.002202 0.002045 0.001918 0.001744 0.001610 0.001433 0.001301 0.001134 0.001013 0.000864 0.000760 0.000635 0.000549 0.000449 0.000382 0.000305 0.000256 0.000200 0.000165 0.000126 0.000102 0.000076 0.000061 0.000045 0.000035 0.000025 0.000019 0.000014 0.000010 0.000007 0.000005 0.000004 0.000003 0.000002 0.000001 0.000001 0.000001 0.000000 0.000000 0.000000 0.000000 0.000000 0.000000 0.000000 
0.000000 0.000000 0.000000 0.000000 0.000000 0.000000 0.000000 0.000001 0.000001 0.000002 0.000002 0.000003 0.000005 0.000007 0.000010 0.000013 0.000019 0.000024 0.000034 0.000044 0.000061 0.000077 0.000104 0.000130 0.000171 0.000209 0.000270 0.000326 0.000411 0.000488 0.000602 0.000703 0.000850 0.000975 0.001154 0.001303 0.001510 0.001677 0.001903 0.002079 0.002310 0.002484 0.002701 0.002858 0.003044 0.003169 0.003305 0.003385 0.003457 0.003485 0.003485 0.003457 0.003385 0.003305 0.003169 0.003044 0.002858 0.002701 0.002484 0.002310 0.002079 0.001903 0.001677 0.001510 0.001303 0.001154 0.000975 0.000850 0.000703 0.000602 0.000488 0.000411 0.000326 0.000270 0.000209 0.000171 0.000130 0.000104 0.000077 0.000061 0.000044 0.000034 0.000024 0.000019 0.000013 0.000010 0.000007 0.000005 0.000003 0.000002 0.000002 0.000001 0.000001 0.000000 0.000000 0.000000 0.000000 0.000000 0.000000 0.000000 
0.000000 0.000000 0.000000 0.000000 0.000000 0.000000 0.000001 0.000001 0.000001 0.000002 0.000003 0.000004 0.000006 0.000009 0.000012 0.000018 0.000023 0.000033 0.000043 0.000060 0.000076 0.000104 0.000131 0.000174 0.000215 0.000281 0.000341 0.000435 0.000520 0.000649 0.000764 0.000933 0.001080 0.001291 0.001470 0.001720 0.001927 0.002208 0.002433 0.002730 0.002960 0.003252 0.003470 0.003733 0.003918 0.004128 0.004264 0.004399 0.004471 0.004518 0.004518 0.004471 0.004399 0.004264 0.004128 0.003918 0.003733 0.003470 0.003252 0.002960 0.002730 0.002433 0.002208 0.001927 0.001720 0.001470 0.001291 0.001080 0.000933 0.000764 0.000649 0.000520 0.000435 0.000341 0.000281 0.000215 0.000174 0.000131 0.000104 0.000076 0.000060 0.000043 0.000033 0.000023 0.000018 0.000012 0.000009 0.000006 0.000004 0.000003 0.000002 0.000001 0.000001 0.000001 0.000000 0.000000 0.000000 0.000000 0.000000 0.000000 
0.000000 0.000000 0.000000 0.000000 0.000000 0.000001 0.000001 0.000001 0.000002 0.000003 0.000004 0.000005 0.000008 0.000011 0.000016 0.000022 0.000031 0.000041 0.000058 0.000074 0.000102 0.000130 0.000174 0.000217 0.000286 0.000351 0.000451 0.000545 0.000686 0.000815 0.001005 0.001174 0.001416 0.001627 0.001923 0.002173 0.002514 0.002795 0.003167 0.003463 0.003843 0.004135 0.004493 0.004756 0.005062 0.005271 0.005495 0.005630 0.005748 0.005795 0.005795 0.005748 0.005630 0.005495 0.005271 0.005062 0.004756 0.004493 0.004135 0.003843 0.003463 0.003167 0.002795 0.002514 0.002173 0.001923 0.001627 0.001416 0.001174 0.001005 0.000815 0.000686 0.000545 0.000451 0.000351 0.000286 0.000217 0.000174 0.000130 0.000102 0.000074 0.000058 0.000041 0.000031 0.000022 0.000016 0.000011 0.000008 0.000005 0.000004 0.000003 0.000002 0.000001 0.000001 0.000001 0.000000 0.000000 0.000000 0.000000 0.000000 
0.000000 0.000000 0.000000 0.000000 0.000000 0.000001 0.000001 0.000002 0.000002 0.000003 0.000005 0.000007 0.000010 0.000015 0.000020 0.000029 0.000038 0.000054 0.000071 0.000098 0.000126 0.000171 0.000215 0.000286 0.000354 0.000460 0.000561 0.000713 0.000854 0.001063 0.001252 0.001526 0.001769 0.002110 0.002406 0.002810 0.003152 0.003606 0.003978 0.004457 0.004836 0.005308 0.005666 0.006091 0.006397 0.006736 0.006959 0.007178 0.007296 0.007372 0.007372 0.007296 0.007178 0.006959 0.006736 0.006397 0.006091 0.005666 0.005308 0.004836 0.004457 0.003978 0.003606 0.003152 0.002810 0.002406 0.002110 0.001769 0.001526 0.001252 0.001063 0.000854 0.000713 0.000561 0.000460 0.000354 0.000286 0.000215 0.000171 0.000126 0.000098 0.000071 0.000054 0.000038 0.000029 0.000020 0.000015 0.000010 0.000007 0.000005 0.000003 0.000002 0.000002 0.000001 0.000001 0.000000 0.000000 0.000000 0.000000 0.000000 
0.000000 0.000000 0.000000 0.000000 0.000001 0.000001 0.000001 0.000002 0.000003 0.000004 0.000006 0.000009 0.000013 0.000018 0.000026 0.000035 0.000050 0.000066 0.000093 0.000120 0.000165 0.000209 0.000281 0.000351 0.000460 0.000566 0.000726 0.000878 0.001103 0.001312 0.001613 0.001887 0.002273 0.002614 0.003084 0.003488 0.004030 0.004484 0.005074 0.005554 0.006155 0.006627 0.007195 0.007620 0.008104 0.008443 0.008797 0.009016 0.009203 0.009279 0.009279 0.009203 0.009016 0.008797 0.008443 0.008104 0.007620 0.007195 0.006627 0.006155 0.005554 0.005074 0.004484 0.004030 0.003488 0.003084 0.002614 0.002273 0.001887 0.001613 0.001312 0.001103 0.000878 0.000726 0.000566 0.000460 0.000351 0.000281 0.000209 0.000165 0.000120 0.000093 0.000066 0.000050 0.000035 0.000026 0.000018 0.000013 0.000009 0.000006 0.000004 0.000003 0.000002 0.000001 0.000001 0.000001 0.000000 0.000000 0.000000 0.000000 
0.000000 0.000000 0.000000 0.000000 0.000001 0.000001 0.000002 0.000003 0.000004 0.000005 0.000008 0.000012 0.000016 0.000024 0.000032 0.000046 0.000061 0.000086 0.000113 0.000156 0.000200 0.000270 0.000341 0.000451 0.000561 0.000726 0.000886 0.001124 0.001349 0.001674 0.001976 0.002403 0.002789 0.003321 0.003791 0.004421 0.004963 0.005670 0.006260 0.007007 0.007608 0.008342 0.008910 0.009572 0.010056 0.010583 0.010937 0.011278 0.011465 0.011582 0.011582 0.011465 0.011278 0.010937 0.010583 0.010056 0.009572 0.008910 0.008342 0.007608 0.007007 0.006260 0.005670 0.004963 0.004421 0.003791 0.003321 0.002789 0.002403 0.001976 0.001674 0.001349 0.001124 0.000886 0.000726 0.000561 0.000451 0.000341 0.000270 0.000200 0.000156 0.000113 0.000086 0.000061 0.000046 0.000032 0.000024 0.000016 0.000012 0.000008 0.000005 0.000004 0.000003 0.000002 0.000001 0.000001 0.000000 0.000000 0.000000 0.000000 
0.000000 0.000000 0.000000 0.000001 0.000001 0.000001 0.000002 0.000003 0.000005 0.000007 0.000010 0.000014 0.000021 0.000028 0.000041 0.000055 0.000079 0.000104 0.000144 0.000187 0.000256 0.000326 0.000435 0.000545 0.000713 0.000878 0.001124 0.001361 0.001706 0.002032 0.002494 0.002921 0.003511 0.004043 0.004761 0.005392 0.006220 0.006928 0.007829 0.008576 0.009495 0.010229 0.011096 0.011757 0.012497 0.013024 0.013565 0.013905 0.014191 0.014308 0.014308 0.014191 0.013905 0.013565 0.013024 0.012497 0.011757 0.011096 0.010229 0.009495 0.008576 0.007829 0.006928 0.006220 0.005392 0.004761 0.004043 0.003511 0.002921 0.002494 0.002032 0.001706 0.001361 0.001124 0.000878 0.000713 0.000545 0.000435 0.000326 0.000256 0.000187 0.000144 0.000104 0.000079 0.000055 0.000041 0.000028 0.000021 0.000014 0.000010 0.000007 0.000005 0.000003 0.000002 0.000001 0.000001 0.000001 0.000000 0.000000 0.000000 
0.000000 0.000000 0.000000 0.000001 0.000001 0.000002 0.000002 0.000004 0.000005 0.000008 0.000012 0.000018 0.000025 0.000036 0.000049 0.000070 0.000094 0.000132 0.000172 0.000237 0.000305 0.000411 0.000520 0.000686 0.000854 0.001103 0.001349 0.001706 0.002051 0.002541 0.003003 0.003644 0.004234 0.005034 0.005752 0.006698 0.007526 0.008587 0.009489 0.010608 0.011527 0.012627 0.013495 0.014486 0.015225 0.016015 0.016556 0.017066 0.017351 0.017528 0.017528 0.017351 0.017066 0.016556 0.016015 0.015225 0.014486 0.013495 0.012627 0.011527 0.010608 0.009489 0.008587 0.007526 0.006698 0.005752 0.005034 0.004234 0.003644 0.003003 0.002541 0.002051 0.001706 0.001349 0.001103 0.000854 0.000686 0.000520 0.000411 0.000305 0.000237 0.000172 0.000132 0.000094 0.000070 0.000049 0.000036 0.000025 0.000018 0.000012 0.000008 0.000005 0.000004 0.000002 0.000002 0.000001 0.000001 0.000000 0.000000 0.000000 
0.000000 0.000000 0.000000 0.000001 0.000001 0.000002 0.000003 0.000005 0.000007 0.000010 0.000015 0.000021 0.000031 0.000042 0.000062 0.000083 0.000118 0.000156 0.000216 0.000281 0.000382 0.000488 0.000649 0.000815 0.001063 0.001312 0.001674 0.002032 0.002541 0.003031 0.003712 0.004353 0.005223 0.006023 0.007081 0.008027 0.009246 0.010308 0.011634 0.012754 0.014106 0.015206 0.016482 0.017473 0.018561 0.019351 0.020146 0.020656 0.021076 0.021252 0.021252 0.021076 0.020656 0.020146 0.019351 0.018561 0.017473 0.016482 0.015206 0.014106 0.012754 0.011634 0.010308 0.009246 0.008027 0.007081 0.006023 0.005223 0.004353 0.003712 0.003031 0.002541 0.002032 0.001674 0.001312 0.001063 0.000815 0.000649 0.000488 0.000382 0.000281 0.000216 0.000156 0.000118 0.000083 0.000062 0.000042 0.000031 0.000021 0.000015 0.000010 0.000007 0.000005 0.000003 0.000002 0.000001 0.000001 0.000000 0.000000 0.000000 
0.000000 0.000000 0.000001 0.000001 0.000002 0.000002 0.000004 0.000006 0.000008 0.000012 0.000018 0.000026 0.000036 0.000053 0.000072 0.000103 0.000138 0.000193 0.000253 0.000348 0.000449 0.000602 0.000764 0.001005 0.001252 0.001613 0.001976 0.002494 0.003003 0.003712 0.004393 0.005321 0.006192 0.007347 0.008405 0.009774 0.010993 0.012526 0.013853 0.015470 0.016822 0.018411 0.019687 0.021117 0.022205 0.023345 0.024140 0.024876 0.025296 0.025551 0.025551 0.025296 0.024876 0.024140 0.023345 0.022205 0.021117 0.019687 0.018411 0.016822 0.015470 0.013853 0.012526 0.010993 0.009774 0.008405 0.007347 0.006192 0.005321 0.004393 0.003712 0.003003 0.002494 0.001976 0.001613 0.001252 0.001005 0.000764 0.000602 0.000449 0.000348 0.000253 0.000193 0.000138 0.000103 0.000072 0.000053 0.000036 0.000026 0.000018 0.000012 0.000008 0.000006 0.000004 0.000002 0.000002 0.000001 0.000001 0.000000 0.000000 
0.000000 0.000000 0.000001 0.000001 0.000002 0.000003 0.000005 0.000007 0.000010 0.000014 0.000022 0.000030 0.000045 0.000061 0.000089 0.000120 0.000169 0.000225 0.000311 0.000405 0.000549 0.000703 0.000933 0.001174 0.001526 0.001887 0.002403 0.002921 0.003644 0.004353 0.005321 0.006249 0.007485 0.008640 0.010142 0.011510 0.013239 0.014773 0.016654 0.018271 0.020188 0.021777 0.023585 0.025016 0.026557 0.027698 0.028824 0.029560 0.030154 0.030409 0.030409 0.030154 0.029560 0.028824 0.027698 0.026557 0.025016 0.023585 0.021777 0.020188 0.018271 0.016654 0.014773 0.013239 0.011510 0.010142 0.008640 0.007485 0.006249 0.005321 0.004353 0.003644 0.002921 0.002403 0.001887 0.001526 0.001174 0.000933 0.000703 0.000549 0.000405 0.000311 0.000225 0.000169 0.000120 0.000089 0.000061 0.000045 0.000030 0.000022 0.000014 0.000010 0.000007 0.000005 0.000003 0.000002 0.000001 0.000001 0.000000 0.000000 
0.000000 0.000000 0.000001 0.000001 0.000002 0.000004 0.000005 0.000008 0.000012 0.000018 0.000025 0.000037 0.000051 0.000075 0.000102 0.000146 0.000195 0.000273 0.000359 0.000491 0.000635 0.000850 0.001080 0.001416 0.001769 0.002273 0.002789 0.003511 0.004234 0.005223 0.006192 0.007485 0.008720 0.010331 0.011832 0.013737 0.015467 0.017601 0.019483 0.021733 0.023650 0.025860 0.027669 0.029659 0.031200 0.032786 0.033912 0.034936 0.035530 0.035884 0.035884 0.035530 0.034936 0.033912 0.032786 0.031200 0.029659 0.027669 0.025860 0.023650 0.021733 0.019483 0.017601 0.015467 0.013737 0.011832 0.010331 0.008720 0.007485 0.006192 0.005223 0.004234 0.003511 0.002789 0.002273 0.001769 0.001416 0.001080 0.000850 0.000635 0.000491 0.000359 0.000273 0.000195 0.000146 0.000102 0.000075 0.000051 0.000037 0.000025 0.000018 0.000012 0.000008 0.000005 0.000004 0.000002 0.000001 0.000001 0.000000 0.000000 
0.000000 0.000000 0.000001 0.000002 0.000003 0.000004 0.000006 0.000009 0.000014 0.000020 0.000030 0.000042 0.000062 0.000086 0.000123 0.000167 0.000235 0.000312 0.000431 0.000562 0.000760 0.000975 0.001291 0.001627 0.002110 0.002614 0.003321 0.004043 0.005034 0.006023 0.007347 0.008640 0.010331 0.011941 0.013993 0.015899 0.018263 0.020397 0.022968 0.025217 0.027837 0.030047 0.032517 0.034506 0.036611 0.038197 0.039734 0.040758 0.041570 0.041923 0.041923 0.041570 0.040758 0.039734 0.038197 0.036611 0.034506 0.032517 0.030047 0.027837 0.025217 0.022968 0.020397 0.018263 0.015899 0.013993 0.011941 0.010331 0.008640 0.007347 0.006023 0.005034 0.004043 0.003321 0.002614 0.002110 0.001627 0.001291 0.000975 0.000760 0.000562 0.000431 0.000312 0.000235 0.000167 0.000123 0.000086 0.000062 0.000042 0.000030 0.000020 0.000014 0.000009 0.000006 0.000004 0.000003 0.000002 0.000001 0.000000 0.000000 
0.000000 0.000001 0.000001 0.000002 0.000003 0.000005 0.000007 0.000011 0.000016 0.000024 0.000034 0.000051 0.000070 0.000102 0.000140 0.000198 0.000267 0.000371 0.000489 0.000667 0.000864 0.001154 0.001470 0.001923 0.002406 0.003084 0.003791 0.004761 0.005752 0.007081 0.008405 0.010142 0.011832 0.013993 0.016046 0.018602 0.020966 0.023829 0.026400 0.029417 0.032036 0.034999 0.037469 0.040136 0.042241 0.044366 0.045904 0.047275 0.048087 0.048561 0.048561 0.048087 0.047275 0.045904 0.044366 0.042241 0.040136 0.037469 0.034999 0.032036 0.029417 0.026400 0.023829 0.020966 0.018602 0.016046 0.013993 0.011832 0.010142 0.008405 0.007081 0.005752 0.004761 0.003791 0.003084 0.002406 0.001923 0.001470 0.001154 0.000864 0.000667 0.000489 0.000371 0.000267 0.000198 0.000140 0.000102 0.000070 0.000051 0.000034 0.000024 0.000016 0.000011 0.000007 0.000005 0.000003 0.000002 0.000001 0.000001 0.000000 
0.000000 0.000001 0.000001 0.000002 0.000004 0.000005 0.000008 0.000012 0.000019 0.000027 0.000040 0.000057 0.000083 0.000115 0.000165 0.000223 0.000313 0.000418 0.000575 0.000752 0.001013 0.001303 0.001720 0.002173 0.002810 0.003488 0.004421 0.005392 0.006698 0.008027 0.009774 0.011510 0.013737 0.015899 0.018602 0.021159 0.024272 0.027136 0.030520 0.033537 0.036984 0.039947 0.043198 0.045865 0.048634 0.050760 0.052782 0.054154 0.055222 0.055697 0.055697 0.055222 0.054154 0.052782 0.050760 0.048634 0.045865 0.043198 0.039947 0.036984 0.033537 0.030520 0.027136 0.024272 0.021159 0.018602 0.015899 0.013737 0.011510 0.009774 0.008027 0.006698 0.005392 0.004421 0.003488 0.002810 0.002173 0.001720 0.001303 0.001013 0.000752 0.000575 0.000418 0.000313 0.000223 0.000165 0.000115 0.000083 0.000057 0.000040 0.000027 0.000019 0.000012 0.000008 0.000005 0.000004 0.000002 0.000001 0.000001 0.000000 
0.000000 0.000001 0.000001 0.000003 0.000004 0.000006 0.000009 0.000014 0.000021 0.000032 0.000045 0.000066 0.000093 0.000134 0.000184 0.000260 0.000350 0.000486 0.000642 0.000873 0.001134 0.001510 0.001927 0.002514 0.003152 0.004030 0.004963 0.006220 0.007526 0.009246 0.010993 0.013239 0.015467 0.018263 0.020966 0.024272 0.027385 0.031086 0.034471 0.038370 0.041817 0.045646 0.048896 0.052342 0.055111 0.057857 0.059879 0.061651 0.062719 0.063332 0.063332 0.062719 0.061651 0.059879 0.057857 0.055111 0.052342 0.048896 0.045646 0.041817 0.038370 0.034471 0.031086 0.027385 0.024272 0.020966 0.018263 0.015467 0.013239 0.010993 0.009246 0.007526 0.006220 0.004963 0.004030 0.003152 0.002514 0.001927 0.001510 0.001134 0.000873 0.000642 0.000486 0.000350 0.000260 0.000184 0.000134 0.000093 0.000066 0.000045 0.000032 0.000021 0.000014 0.000009 0.000006 0.000004 0.000003 0.000001 0.000001 0.000000 
0.000000 0.000001 0.000002 0.000003 0.000005 0.000007 0.000011 0.000016 0.000024 0.000035 0.000052 0.000073 0.000107 0.000148 0.000212 0.000288 0.000403 0.000539 0.000738 0.000969 0.001301 0.001677 0.002208 0.002795 0.003606 0.004484 0.005670 0.006928 0.008587 0.010308 0.012526 0.014773 0.017601 0.020397 0.023829 0.027136 0.031086 0.034788 0.039081 0.042981 0.047354 0.051183 0.055305 0.058751 0.062263 0.065009 0.067574 0.069345 0.070700 0.071312 0.071312 0.070700 0.069345 0.067574 0.065009 0.062263 0.058751 0.055305 0.051183 0.047354 0.042981 0.039081 0.034788 0.031086 0.027136 0.023829 0.020397 0.017601 0.014773 0.012526 0.010308 0.008587 0.006928 0.005670 0.004484 0.003606 0.002795 0.002208 0.001677 0.001301 0.000969 0.000738 0.000539 0.000403 0.000288 0.000212 0.000148 0.000107 0.000073 0.000052 0.000035 0.000024 0.000016 0.000011 0.000007 0.000005 0.000003 0.000002 0.000001 0.000000 
0.000000 0.000001 0.000002 0.000003 0.000005 0.000008 0.000012 0.000018 0.000027 0.000040 0.000057 0.000084 0.000117 0.000169 0.000233 0.000328 0.000443 0.000613 0.000812 0.001101 0.001433 0.001903 0.002433 0.003167 0.003978 0.005074 0.006260 0.007829 0.009489 0.011634 0.013853 0.016654 0.019483 0.022968 0.026400 0.030520 0.034471 0.039081 0.043375 0.048232 0.052605 0.057373 0.061496 0.065786 0.069299 0.072717 0.075282 0.077488 0.078843 0.079605 0.079605 0.078843 0.077488 0.075282 0.072717 0.069299 0.065786 0.061496 0.057373 0.052605 0.048232 0.043375 0.039081 0.034471 0.030520 0.026400 0.022968 0.019483 0.016654 0.013853 0.011634 0.009489 0.007829 0.006260 0.005074 0.003978 0.003167 0.002433 0.001903 0.001433 0.001101 0.000812 0.000613 0.000443 0.000328 0.000233 0.000169 0.000117 0.000084 0.000057 0.000040 0.000027 0.000018 0.000012 0.000008 0.000005 0.000003 0.000002 0.000001 0.000000 
0.000000 0.000001 0.000002 0.000003 0.000006 0.000009 0.000013 0.000020 0.000030 0.000043 0.000064 0.000091 0.000133 0.000184 0.000262 0.000358 0.000499 0.000669 0.000914 0.001202 0.001610 0.002079 0.002730 0.003463 0.004457 0.005554 0.007007 0.008576 0.010608 0.012754 0.015470 0.018271 0.021733 0.025217 0.029417 0.033537 0.038370 0.042981 0.048232 0.053088 0.058436 0.063204 0.068245 0.072535 0.076829 0.080247 0.083383 0.085589 0.087244 0.088007 0.088007 0.087244 0.085589 0.083383 0.080247 0.076829 0.072535 0.068245 0.063204 0.058436 0.053088 0.048232 0.042981 0.038370 0.033537 0.029417 0.025217 0.021733 0.018271 0.015470 0.012754 0.010608 0.008576 0.007007 0.005554 0.004457 0.003463 0.002730 0.002079 0.001610 0.001202 0.000914 0.000669 0.000499 0.000358 0.000262 0.000184 0.000133 0.000091 0.000064 0.000043 0.000030 0.000020 0.000013 0.000009 0.000006 0.000003 0.000002 0.000001 0.000000 
0.000000 0.000001 0.000002 0.000004 0.000006 0.000010 0.000015 0.000022 0.000032 0.000049 0.000070 0.000102 0.000143 0.000206 0.000284 0.000399 0.000540 0.000744 0.000989 0.001337 0.001744 0.002310 0.002960 0.003843 0.004836 0.006155 0.007608 0.009495 0.011527 0.014106 0.016822 0.020188 0.023650 0.027837 0.032036 0.036984 0.041817 0.047354 0.052605 0.058436 0.063784 0.069508 0.074549 0.079698 0.083992 0.088095 0.091230 0.093878 0.095533 0.096448 0.096448 0.095533 0.093878 0.091230 0.088095 0.083992 0.079698 0.074549 0.069508 0.063784 0.058436 0.052605 0.047354 0.041817 0.036984 0.032036 0.027837 0.023650 0.020188 0.016822 0.014106 0.011527 0.009495 0.007608 0.006155 0.004836 0.003843 0.002960 0.002310 0.001744 0.001337 0.000989 0.000744 0.000540 0.000399 0.000284 0.000206 0.000143 0.000102 0.000070 0.000049 0.000032 0.000022 0.000015 0.000010 0.000006 0.000004 0.000002 0.000001 0.000000 
0.000000 0.000001 0.000002 0.000004 0.000007 0.000010 0.000016 0.000024 0.000036 0.000052 0.000077 0.000109 0.000158 0.000221 0.000313 0.000428 0.000595 0.000799 0.001089 0.001436 0.001918 0.002484 0.003252 0.004135 0.005308 0.006627 0.008342 0.010229 0.012627 0.015206 0.018411 0.021777 0.025860 0.030047 0.034999 0.039947 0.045646 0.051183 0.057373 0.063204 0.069508 0.075232 0.081173 0.086322 0.091383 0.095486 0.099180 0.101828 0.103779 0.104694 0.104694 0.103779 0.101828 0.099180 0.095486 0.091383 0.086322 0.081173 0.075232 0.069508 0.063204 0.057373 0.051183 0.045646 0.039947 0.034999 0.030047 0.025860 0.021777 0.018411 0.015206 0.012627 0.010229 0.008342 0.006627 0.005308 0.004135 0.003252 0.002484 0.001918 0.001436 0.001089 0.000799 0.000595 0.000428 0.000313 0.000221 0.000158 0.000109 0.000077 0.000052 0.000036 0.000024 0.000016 0.000010 0.000007 0.000004 0.000002 0.000001 0.000000 
0.000000 0.000001 0.000003 0.000005 0.000007 0.000011 0.000017 0.000026 0.000038 0.000057 0.000082 0.000119 0.000168 0.000241 0.000333 0.000467 0.000634 0.000871 0.001161 0.001563 0.002045 0.002701 0.003470 0.004493 0.005666 0.007195 0.008910 0.011096 0.013495 0.016482 0.019687 0.023585 0.027669 0.032517 0.037469 0.043198 0.048896 0.055305 0.061496 0.068245 0.074549 0.081173 0.087113 0.093072 0.098133 0.102880 0.106575 0.109638 0.111589 0.112648 0.112648 0.111589 0.109638 0.106575 0.102880 0.098133 0.093072 0.087113 0.081173 0.074549 0.068245 0.061496 0.055305 0.048896 0.043198 0.037469 0.032517 0.027669 0.023585 0.019687 0.016482 0.013495 0.011096 0.008910 0.007195 0.005666 0.004493 0.003470 0.002701 0.002045 0.001563 0.001161 0.000871 0.000634 0.000467 0.000333 0.000241 0.000168 0.000119 0.000082 0.000057 0.000038 0.000026 0.000017 0.000011 0.000007 0.000005 0.000003 0.000001 0.000000 
0.000000 0.000001 0.000003 0.000005 0.000008 0.000012 0.000019 0.000028 0.000041 0.000060 0.000088 0.000126 0.000182 0.000254 0.000359 0.000493 0.000684 0.000921 0.001251 0.001653 0.002202 0.002858 0.003733 0.004756 0.006091 0.007620 0.009572 0.011757 0.014486 0.017473 0.021117 0.025016 0.029659 0.034506 0.040136 0.045865 0.052342 0.058751 0.065786 0.072535 0.079698 0.086322 0.093072 0.099032 0.104781 0.109528 0.113726 0.116789 0.119005 0.120064 0.120064 0.119005 0.116789 0.113726 0.109528 0.104781 0.099032 0.093072 0.086322 0.079698 0.072535 0.065786 0.058751 0.052342 0.045865 0.040136 0.034506 0.029659 0.025016 0.021117 0.017473 0.014486 0.011757 0.009572 0.007620 0.006091 0.004756 0.003733 0.002858 0.002202 0.001653 0.001251 0.000921 0.000684 0.000493 0.000359 0.000254 0.000182 0.000126 0.000088 0.000060 0.000041 0.000028 0.000019 0.000012 0.000008 0.000005 0.000003 0.000001 0.000000 
