0.000000 0.000000 0.000000 0.000000 0.000000 0.000000 0.000000 0.000000 0.000000 0.000000 0.000000 0.000000 0.000000 0.000000 0.000000 0.000000 0.000000 0.000000 0.000000 0.000000 0.000000 0.000000 0.000000 0.000000 0.000000 0.000000 0.000000 0.000000 0.000000 0.000000 0.000000 0.000000 0.000000 0.000000 0.000000 0.000000 0.000000 0.000000 0.000000 0.000000 0.000000 0.000000 0.000000 0.000000 0.000000 0.000000 0.000000 0.000000 0.000000 0.000000 0.000000 0.000000 0.000000 0.000000 0.000000 0.000000 0.000000 0.000000 0.000000 0.000000 0.000000 0.000000 0.000000 0.000000 0.000000 0.000000 0.000000 0.000000 0.000000 0.000000 0.000000 0.000000 0.000000 0.000000 0.000000 0.000000 0.000000 0.000000 0.000000 0.000000 0.000000 0.000000 0.000000 0.000000 0.000000 0.000000 0.000000 0.000000 0.000000 0.000000 0.000000 0.000000 0.000000 0.000000 0.000000 0.000000 0.000000 0.000000 0.000000 0.000000 
0.000000 0.000000 0.000000 0.000000 0.000001 0.000001 0.000001 0.000001 0.000002 0.000002 0.000002 0.000003 0.000003 0.000004 0.000005 0.000006 0.000007 0.000008 0.000009 0.000011 0.000013 0.000014 0.000017 0.000019 0.000021 0.000024 0.000027 0.000030 0.000034 0.000037 0.000041 0.000045 0.000049 0.000053 0.000058 0.000062 0.000066 0.000070 0.000075 0.000078 0.000083 0.000086 0.000090 0.000093 0.000096 0.000098 0.000100 0.000101 0.000102 0.000103 0.000103 0.000102 0.000101 0.000100 0.000098 0.000096 0.000093 0.000090 0.000086 0.000083 0.000078 0.000075 0.000070 0.000066 0.000062 0.000058 0.000053 0.000049 0.000045 0.000041 0.000037 0.000034 0.000030 0.000027 0.000024 0.000021 0.000019 0.000017 0.000014 0.000013 0.000011 0.000009 0.000008 0.000007 0.000006 0.000005 0.000004 0.000003 0.000003 0.000002 0.000002 0.000002 0.000001 0.000001 0.000001 0.000001 0.000000 0.000000 0.000000 0.000000 
0.000000 0.000000 0.000001 0.000001 0.000001 0.000002 0.000002 0.000003 0.000003 0.000004 0.000005 0.000006 0.000007 0.000008 0.000010 0.000012 0.000014 0.000016 0.000019 0.000022 0.000025 0.000030 0.000033 0.000039 0.000043 0.000049 0.000055 0.000062 0.000068 0.000076 0.000083 0.000092 0.000100 0.000109 0.000117 0.000127 0.000135 0.000144 0.000152 0.000161 0.000168 0.000177 0.000183 0.000190 0.000195 0.000200 0.000203 0.000207 0.000209 0.000210 0.000210 0.000209 0.000207 0.000203 0.000200 0.000195 0.000190 0.000183 0.000177 0.000168 0.000161 0.000152 0.000144 0.000135 0.000127 0.000117 0.000109 0.000100 0.000092 0.000083 0.000076 0.000068 0.000062 0.000055 0.000049 0.000043 0.000039 0.000033 0.000030 0.000025 0.000022 0.000019 0.000016 0.000014 0.000012 0.000010 0.000008 0.000007 0.000006 0.000005 0.000004 0.000003 0.000003 0.000002 0.000002 0.000001 0.000001 0.000001 0.000000 0.000000 
0.000000 0.000000 0.000001 0.000001 0.000002 0.000002 0.000003 0.000004 0.000005 0.000006 0.000007 0.000009 0.000011 0.000013 0.000016 0.000018 0.000022 0.000025 0.000030 0.000034 0.000040 0.000045 0.000053 0.000059 0.000068 0.000076 0.000086 0.000095 0.000107 0.000117 0.000131 0.000142 0.000156 0.000168 0.000183 0.000195 0.000210 0.000223 0.000237 0.000249 0.000262 0.000273 0.000285 0.000293 0.000303 0.000310 0.000316 0.000320 0.000324 0.000325 0.000325 0.000324 0.000320 0.000316 0.000310 0.000303 0.000293 0.000285 0.000273 0.000262 0.000249 0.000237 0.000223 0.000210 0.000195 0.000183 0.000168 0.000156 0.000142 0.000131 0.000117 0.000107 0.000095 0.000086 0.000076 0.000068 0.000059 0.000053 0.000045 0.000040 0.000034 0.000030 0.000025 0.000022 0.000018 0.000016 0.000013 0.000011 0.000009 0.000007 0.000006 0.000005 0.000004 0.000003 0.000002 0.000002 0.000001 0.000001 0.000000 0.000000 
0.000000 0.000001 0.000001 0.000002 0.000003 0.000003 0.000004 0.000006 0.000007 0.000009 0.000010 0.000013 0.000015 0.000018 0.000021 0.000026 0.000030 0.000036 0.000041 0.000048 0.000055 0.000064 0.000073 0.000084 0.000094 0.000107 0.000119 0.000135 0.000148 0.000166 0.000181 0.000200 0.000216 0.000237 0.000254 0.000275 0.000292 0.000313 0.000329 0.000349 0.000365 0.000383 0.000396 0.000411 0.000422 0.000433 0.000441 0.000448 0.000452 0.000454 0.000454 0.000452 0.000448 0.000441 0.000433 0.000422 0.000411 0.000396 0.000383 0.000365 0.000349 0.000329 0.000313 0.000292 0.000275 0.000254 0.000237 0.000216 0.000200 0.000181 0.000166 0.000148 0.000135 0.000119 0.000107 0.000094 0.000084 0.000073 0.000064 0.000055 0.000048 0.000041 0.000036 0.000030 0.000026 0.000021 0.000018 0.000015 0.000013 0.000010 0.000009 0.000007 0.000006 0.000004 0.000003 0.000003 0.000002 0.000001 0.000001 0.000000 
0.000000 0.000001 0.000002 0.000002 0.000003 0.000004 0.000006 0.000007 0.000009 0.000011 0.000014 0.000016 0.000020 0.000024 0.000029 0.000034 0.000040 0.000046 0.000055 0.000063 0.000074 0.000084 0.000098 0.000110 0.000126 0.000140 0.000160 0.000176 0.000198 0.000217 0.000241 0.000262 0.000289 0.000311 0.000338 0.000361 0.000389 0.000411 0.000439 0.000460 0.000485 0.000504 0.000526 0.000542 0.000560 0.000572 0.000585 0.000592 0.000599 0.000601 0.000601 0.000599 0.000592 0.000585 0.000572 0.000560 0.000542 0.000526 0.000504 0.000485 0.000460 0.000439 0.000411 0.000389 0.000361 0.000338 0.000311 0.000289 0.000262 0.000241 0.000217 0.000198 0.000176 0.000160 0.000140 0.000126 0.000110 0.000098 0.000084 0.000074 0.000063 0.000055 0.000046 0.000040 0.000034 0.000029 0.000024 0.000020 0.000016 0.000014 0.000011 0.000009 0.000007 0.000006 0.000004 0.000003 0.000002 0.000002 0.000001 0.000000 
0.000000 0.000001 0.000002 0.000003 0.000004 0.000006 0.000007 0.000010 0.000012 0.000015 0.000017 0.000022 0.000025 0.000031 0.000036 0.000044 0.000051 0.000061 0.000070 0.000082 0.000094 0.000109 0.000123 0.000143 0.000160 0.000182 0.000202 0.000229 0.000252 0.000281 0.000307 0.000340 0.000367 0.000402 0.000431 0.000467 0.000496 0.000531 0.000560 0.000593 0.000620 0.000650 0.000673 0.000698 0.000717 0.000736 0.000749 0.000761 0.000768 0.000772 0.000772 0.000768 0.000761 0.000749 0.000736 0.000717 0.000698 0.000673 0.000650 0.000620 0.000593 0.000560 0.000531 0.000496 0.000467 0.000431 0.000402 0.000367 0.000340 0.000307 0.000281 0.000252 0.000229 0.000202 0.000182 0.000160 0.000143 0.000123 0.000109 0.000094 0.000082 0.000070 0.000061 0.000051 0.000044 0.000036 0.000031 0.000025 0.000022 0.000017 0.000015 0.000012 0.000010 0.000007 0.000006 0.000004 0.000003 0.000002 0.000001 0.000000 
0.000000 0.000001 0.000003 0.000004 0.000006 0.000007 0.000010 0.000012 0.000015 0.000018 0.000022 0.000027 0.000033 0.000038 0.000047 0.000054 0.000065 0.000075 0.000089 0.000102 0.000120 0.000136 0.000158 0.000177 0.000203 0.000227 0.000258 0.000285 0.000320 0.000351 0.000390 0.000423 0.000466 0.000502 0.000546 0.000583 0.000628 0.000664 0.000708 0.000742 0.000783 0.000814 0.000849 0.000876 0.000904 0.000924 0.000944 0.000956 0.000966 0.000970 0.000970 0.000966 0.000956 0.000944 0.000924 0.000904 0.000876 0.000849 0.000814 0.000783 0.000742 0.000708 0.000664 0.000628 0.000583 0.000546 0.000502 0.000466 0.000423 0.000390 0.000351 0.000320 0.000285 0.000258 0.000227 0.000203 0.000177 0.000158 0.000136 0.000120 0.000102 0.000089 0.000075 0.000065 0.000054 0.000047 0.000038 0.000033 0.000027 0.000022 0.000018 0.000015 0.000012 0.000010 0.000007 0.000006 0.000004 0.000003 0.000001 0.000000 
0.000000 0.000002 0.000003 0.000005 0.000007 0.000009 0.000012 0.000015 0.000018 0.000023 0.000027 0.000034 0.000040 0.000049 0.000057 0.000069 0.000080 0.000095 0.000109 0.000128 0.000146 0.000171 0.000193 0.000223 0.000249 0.000285 0.000316 0.000357 0.000393 0.000439 0.000479 0.000530 0.000573 0.000627 0.000673 0.000728 0.000774 0.000829 0.000874 0.000926 0.000967 0.001014 0.001050 0.001090 0.001119 0.001149 0.001169 0.001187 0.001198 0.001204 0.001204 0.001198 0.001187 0.001169 0.001149 0.001119 0.001090 0.001050 0.001014 0.000967 0.000926 0.000874 0.000829 0.000774 0.000728 0.000673 0.000627 0.000573 0.000530 0.000479 0.000439 0.000393 0.000357 0.000316 0.000285 0.000249 0.000223 0.000193 0.000171 0.000146 0.000128 0.000109 0.000095 0.000080 0.000069 0.000057 0.000049 0.000040 0.000034 0.000027 0.000023 0.000018 0.000015 0.000012 0.000009 0.000007 0.000005 0.000003 0.000002 0.000000 
0.000000 0.000002 0.000004 0.000006 0.000009 0.000011 0.000015 0.000018 0.000023 0.000028 0.000034 0.000041 0.000050 0.000059 0.000071 0.000083 0.000099 0.000115 0.000136 0.000156 0.000183 0.000207 0.000240 0.000270 0.000310 0.000346 0.000393 0.000434 0.000488 0.000535 0.000594 0.000646 0.000710 0.000765 0.000832 0.000888 0.000957 0.001012 0.001079 0.001132 0.001193 0.001241 0.001294 0.001334 0.001377 0.001408 0.001438 0.001456 0.001472 0.001478 0.001478 0.001472 0.001456 0.001438 0.001408 0.001377 0.001334 0.001294 0.001241 0.001193 0.001132 0.001079 0.001012 0.000957 0.000888 0.000832 0.000765 0.000710 0.000646 0.000594 0.000535 0.000488 0.000434 0.000393 0.000346 0.000310 0.000270 0.000240 0.000207 0.000183 0.000156 0.000136 0.000115 0.000099 0.000083 0.000071 0.000059 0.000050 0.000041 0.000034 0.000028 0.000023 0.000018 0.000015 0.000011 0.000009 0.000006 0.000004 0.000002 0.000000 
0.000000 0.000002 0.000005 0.000007 0.000010 0.000014 0.000017 0.000022 0.000027 0.000034 0.000041 0.000051 0.000060 0.000073 0.000085 0.000103 0.000119 0.000142 0.000163 0.000192 0.000219 0.000256 0.000289 0.000334 0.000374 0.000426 0.000474 0.000535 0.000589 0.000658 0.000718 0.000793 0.000858 0.000939 0.001007 0.001090 0.001158 0.001240 0.001307 0.001385 0.001447 0.001517 0.001571 0.001630 0.001673 0.001718 0.001748 0.001776 0.001792 0.001801 0.001801 0.001792 0.001776 0.001748 0.001718 0.001673 0.001630 0.001571 0.001517 0.001447 0.001385 0.001307 0.001240 0.001158 0.001090 0.001007 0.000939 0.000858 0.000793 0.000718 0.000658 0.000589 0.000535 0.000474 0.000426 0.000374 0.000334 0.000289 0.000256 0.000219 0.000192 0.000163 0.000142 0.000119 0.000103 0.000085 0.000073 0.000060 0.000051 0.000041 0.000034 0.000027 0.000022 0.000017 0.000014 0.000010 0.000007 0.000005 0.000002 0.000000 
0.000000 0.000003 0.000006 0.000009 0.000013 0.000016 0.000022 0.000027 0.000034 0.000041 0.000051 0.000060 0.000074 0.000087 0.000105 0.000122 0.000147 0.000169 0.000201 0.000230 0.000269 0.000306 0.000354 0.000399 0.000458 0.000511 0.000579 0.000641 0.000719 0.000789 0.000876 0.000952 0.001047 0.001128 0.001227 0.001310 0.001410 0.001492 0.001590 0.001668 0.001758 0.001829 0.001907 0.001966 0.002029 0.002074 0.002118 0.002146 0.002169 0.002178 0.002178 0.002169 0.002146 0.002118 0.002074 0.002029 0.001966 0.001907 0.001829 0.001758 0.001668 0.001590 0.001492 0.001410 0.001310 0.001227 0.001128 0.001047 0.000952 0.000876 0.000789 0.000719 0.000641 0.000579 0.000511 0.000458 0.000399 0.000354 0.000306 0.000269 0.000230 0.000201 0.000169 0.000147 0.000122 0.000105 0.000087 0.000074 0.000060 0.000051 0.000041 0.000034 0.000027 0.000022 0.000016 0.000013 0.000009 0.000006 0.000003 0.000000 
0.000000 0.000003 0.000007 0.000011 0.000015 0.000020 0.000025 0.000033 0.000040 0.000050 0.000060 0.000074 0.000087 0.000106 0.000124 0.000150 0.000174 0.000207 0.000238 0.000280 0.000320 0.000373 0.000421 0.000486 0.000544 0.000621 0.000690 0.000778 0.000857 0.000957 0.001045 0.001155 0.001249 0.001366 0.001465 0.001585 0.001686 0.001805 0.001902 0.002015 0.002105 0.002207 0.002286 0.002371 0.002434 0.002499 0.002543 0.002584 0.002606 0.002620 0.002620 0.002606 0.002584 0.002543 0.002499 0.002434 0.002371 0.002286 0.002207 0.002105 0.002015 0.001902 0.001805 0.001686 0.001585 0.001465 0.001366 0.001249 0.001155 0.001045 0.000957 0.000857 0.000778 0.000690 0.000621 0.000544 0.000486 0.000421 0.000373 0.000320 0.000280 0.000238 0.000207 0.000174 0.000150 0.000124 0.000106 0.000087 0.000074 0.000060 0.000050 0.000040 0.000033 0.000025 0.000020 0.000015 0.000011 0.000007 0.000003 0.000000 
0.000000 0.000004 0.000008 0.000013 0.000018 0.000024 0.000031 0.000038 0.000049 0.000059 0.000073 0.000087 0.000106 0.000125 0.000151 0.000177 0.000211 0.000244 0.000289 0.000331 0.000388 0.000441 0.000510 0.000575 0.000659 0.000735 0.000834 0.000922 0.001035 0.001135 0.001260 0.001370 0.001506 0.001622 0.001764 0.001884 0.002028 0.002147 0.002286 0.002399 0.002528 0.002630 0.002742 0.002828 0.002918 0.002983 0.003046 0.003086 0.003118 0.003132 0.003132 0.003118 0.003086 0.003046 0.002983 0.002918 0.002828 0.002742 0.002630 0.002528 0.002399 0.002286 0.002147 0.002028 0.001884 0.001764 0.001622 0.001506 0.001370 0.001260 0.001135 0.001035 0.000922 0.000834 0.000735 0.000659 0.000575 0.000510 0.000441 0.000388 0.000331 0.000289 0.000244 0.000211 0.000177 0.000151 0.000125 0.000106 0.000087 0.000073 0.000059 0.000049 0.000038 0.000031 0.000024 0.000018 0.000013 0.000008 0.000004 0.000000 
0.000000 0.000005 0.000010 0.000016 0.000021 0.000029 0.000036 0.000047 0.000057 0.000071 0.000085 0.000105 0.000124 0.000151 0.000177 0.000213 0.000248 0.000295 0.000340 0.000399 0.000456 0.000531 0.000600 0.000691 0.000775 0.000884 0.000982 0.001108 0.001221 0.001362 0.001488 0.001643 0.001778 0.001943 0.002085 0.002255 0.002398 0.002567 0.002706 0.002866 0.002995 0.003139 0.003251 0.003372 0.003463 0.003554 0.003617 0.003674 0.003707 0.003726 0.003726 0.003707 0.003674 0.003617 0.003554 0.003463 0.003372 0.003251 0.003139 0.002995 0.002866 0.002706 0.002567 0.002398 0.002255 0.002085 0.001943 0.001778 0.001643 0.001488 0.001362 0.001221 0.001108 0.000982 0.000884 0.000775 0.000691 0.000600 0.000531 0.000456 0.000399 0.000340 0.000295 0.000248 0.000213 0.000177 0.000151 0.000124 0.000105 0.000085 0.000071 0.000057 0.000047 0.000036 0.000029 0.000021 0.000016 0.000010 0.000005 0.000000 
0.000000 0.000006 0.000012 0.000018 0.000026 0.000034 0.000044 0.000054 0.000069 0.000083 0.000103 0.000122 0.000150 0.000177 0.000213 0.000249 0.000298 0.000345 0.000407 0.000467 0.000546 0.000621 0.000719 0.000810 0.000928 0.001036 0.001174 0.001300 0.001457 0.001599 0.001775 0.001930 0.002120 0.002285 0.002483 0.002653 0.002854 0.003023 0.003217 0.003377 0.003558 0.003702 0.003859 0.003980 0.004106 0.004198 0.004286 0.004343 0.004389 0.004408 0.004408 0.004389 0.004343 0.004286 0.004198 0.004106 0.003980 0.003859 0.003702 0.003558 0.003377 0.003217 0.003023 0.002854 0.002653 0.002483 0.002285 0.002120 0.001930 0.001775 0.001599 0.001457 0.001300 0.001174 0.001036 0.000928 0.000810 0.000719 0.000621 0.000546 0.000467 0.000407 0.000345 0.000298 0.000249 0.000213 0.000177 0.000150 0.000122 0.000103 0.000083 0.000069 0.000054 0.000044 0.000034 0.000026 0.000018 0.000012 0.000006 0.000000 
0.000000 0.000007 0.000014 0.000022 0.000030 0.000040 0.000051 0.000065 0.000080 0.000099 0.000119 0.000147 0.000174 0.000211 0.000248 0.000298 0.000346 0.000411 0.000474 0.000557 0.000636 0.000740 0.000838 0.000964 0.001082 0.001232 0.001370 0.001544 0.001702 0.001899 0.002074 0.002290 0.002479 0.002708 0.002907 0.003142 0.003343 0.003577 0.003771 0.003993 0.004174 0.004373 0.004531 0.004698 0.004824 0.004951 0.005040 0.005119 0.005164 0.005191 0.005191 0.005164 0.005119 0.005040 0.004951 0.004824 0.004698 0.004531 0.004373 0.004174 0.003993 0.003771 0.003577 0.003343 0.003142 0.002907 0.002708 0.002479 0.002290 0.002074 0.001899 0.001702 0.001544 0.001370 0.001232 0.001082 0.000964 0.000838 0.000740 0.000636 0.000557 0.000474 0.000411 0.000346 0.000298 0.000248 0.000211 0.000174 0.000147 0.000119 0.000099 0.000080 0.000065 0.000051 0.000040 0.000030 0.000022 0.000014 0.000007 0.000000 
0.000000 0.000008 0.000016 0.000025 0.000036 0.000046 0.000061 0.000075 0.000095 0.000115 0.000142 0.000169 0.000207 0.000244 0.000295 0.000345 0.000411 0.000476 0.000563 0.000646 0.000755 0.000858 0.000993 0.001119 0.001281 0.001431 0.001621 0.001795 0.002012 0.002208 0.002449 0.002664 0.002925 0.003154 0.003426 0.003662 0.003937 0.004171 0.004438 0.004660 0.004908 0.005107 0.005323 0.005491 0.005664 0.005791 0.005912 0.005991 0.006053 0.006080 0.006080 0.006053 0.005991 0.005912 0.005791 0.005664 0.005491 0.005323 0.005107 0.004908 0.004660 0.004438 0.004171 0.003937 0.003662 0.003426 0.003154 0.002925 0.002664 0.002449 0.002208 0.002012 0.001795 0.001621 0.001431 0.001281 0.001119 0.000993 0.000858 0.000755 0.000646 0.000563 0.000476 0.000411 0.000345 0.000295 0.000244 0.000207 0.000169 0.000142 0.000115 0.000095 0.000075 0.000061 0.000046 0.000036 0.000025 0.000016 0.000008 0.000000 
0.000000 0.000009 0.000019 0.000030 0.000041 0.000055 0.000070 0.000089 0.000109 0.000136 0.000163 0.000201 0.000238 0.000289 0.000340 0.000407 0.000474 0.000563 0.000649 0.000762 0.000871 0.001012 0.001146 0.001318 0.001480 0.001684 0.001874 0.002111 0.002328 0.002595 0.002836 0.003128 0.003389 0.003700 0.003973 0.004293 0.004568 0.004886 0.005153 0.005454 0.005702 0.005973 0.006189 0.006417 0.006590 0.006763 0.006884 0.006991 0.007054 0.007090 0.007090 0.007054 0.006991 0.006884 0.006763 0.006590 0.006417 0.006189 0.005973 0.005702 0.005454 0.005153 0.004886 0.004568 0.004293 0.003973 0.003700 0.003389 0.003128 0.002836 0.002595 0.002328 0.002111 0.001874 0.001684 0.001480 0.001318 0.001146 0.001012 0.000871 0.000762 0.000649 0.000563 0.000474 0.000407 0.000340 0.000289 0.000238 0.000201 0.000163 0.000136 0.000109 0.000089 0.000070 0.000055 0.000041 0.000030 0.000019 0.000009 0.000000 
0.000000 0.000011 0.000022 0.000034 0.000048 0.000063 0.000082 0.000102 0.000128 0.000156 0.000192 0.000230 0.000280 0.000331 0.000399 0.000467 0.000557 0.000646 0.000762 0.000875 0.001022 0.001163 0.001344 0.001516 0.001733 0.001938 0.002193 0.002430 0.002722 0.002989 0.003314 0.003607 0.003957 0.004269 0.004636 0.004956 0.005326 0.005644 0.006004 0.006305 0.006638 0.006909 0.007200 0.007428 0.007661 0.007833 0.007996 0.008104 0.008188 0.008224 0.008224 0.008188 0.008104 0.007996 0.007833 0.007661 0.007428 0.007200 0.006909 0.006638 0.006305 0.006004 0.005644 0.005326 0.004956 0.004636 0.004269 0.003957 0.003607 0.003314 0.002989 0.002722 0.002430 0.002193 0.001938 0.001733 0.001516 0.001344 0.001163 0.001022 0.000875 0.000762 0.000646 0.000557 0.000467 0.000399 0.000331 0.000280 0.000230 0.000192 0.000156 0.000128 0.000102 0.000082 0.000063 0.000048 0.000034 0.000022 0.000011 0.000000 
0.000000 0.000013 0.000025 0.000040 0.000055 0.000074 0.000094 0.000120 0.000146 0.000183 0.000219 0.000269 0.000320 0.000388 0.000456 0.000546 0.000636 0.000755 0.000871 0.001022 0.001168 0.001357 0.001538 0.001767 0.001985 0.002258 0.002513 0.002829 0.003121 0.003477 0.003802 0.004192 0.004543 0.004958 0.005325 0.005751 0.006122 0.006545 0.006905 0.007306 0.007640 0.008001 0.008292 0.008596 0.008829 0.009058 0.009221 0.009365 0.009448 0.009497 0.009497 0.009448 0.009365 0.009221 0.009058 0.008829 0.008596 0.008292 0.008001 0.007640 0.007306 0.006905 0.006545 0.006122 0.005751 0.005325 0.004958 0.004543 0.004192 0.003802 0.003477 0.003121 0.002829 0.002513 0.002258 0.001985 0.001767 0.001538 0.001357 0.001168 0.001022 0.000871 0.000755 0.000636 0.000546 0.000456 0.000388 0.000320 0.000269 0.000219 0.000183 0.000146 0.000120 0.000094 0.000074 0.000055 0.000040 0.000025 0.000013 0.000000 
0.000000 0.000014 0.000030 0.000045 0.000064 0.000084 0.000109 0.000136 0.000171 0.000207 0.000256 0.000306 0.000373 0.000441 0.000531 0.000621 0.000740 0.000858 0.001012 0.001163 0.001357 0.001545 0.001784 0.002014 0.002301 0.002574 0.002911 0.003227 0.003613 0.003969 0.004398 0.004788 0.005251 0.005666 0.006151 0.006578 0.007067 0.007490 0.007965 0.008367 0.008807 0.009168 0.009552 0.009855 0.010163 0.010393 0.010608 0.010751 0.010862 0.010910 0.010910 0.010862 0.010751 0.010608 0.010393 0.010163 0.009855 0.009552 0.009168 0.008807 0.008367 0.007965 0.007490 0.007067 0.006578 0.006151 0.005666 0.005251 0.004788 0.004398 0.003969 0.003613 0.003227 0.002911 0.002574 0.002301 0.002014 0.001784 0.001545 0.001357 0.001163 0.001012 0.000858 0.000740 0.000621 0.000531 0.000441 0.000373 0.000306 0.000256 0.000207 0.000171 0.000136 0.000109 0.000084 0.000064 0.000045 0.000030 0.000014 0.000000 
0.000000 0.000017 0.000033 0.000053 0.000073 0.000098 0.000123 0.000158 0.000193 0.000240 0.000289 0.000354 0.000421 0.000510 0.000600 0.000719 0.000838 0.000993 0.001146 0.001344 0.001538 0.001784 0.002023 0.002324 0.002611 0.002968 0.003305 0.003719 0.004104 0.004570 0.004999 0.005509 0.005972 0.006515 0.006999 0.007558 0.008047 0.008600 0.009075 0.009600 0.010040 0.010513 0.010896 0.011293 0.011601 0.011901 0.012116 0.012303 0.012414 0.012478 0.012478 0.012414 0.012303 0.012116 0.011901 0.011601 0.011293 0.010896 0.010513 0.010040 0.009600 0.009075 0.008600 0.008047 0.007558 0.006999 0.006515 0.005972 0.005509 0.004999 0.004570 0.004104 0.003719 0.003305 0.002968 0.002611 0.002324 0.002023 0.001784 0.001538 0.001344 0.001146 0.000993 0.000838 0.000719 0.000600 0.000510 0.000421 0.000354 0.000289 0.000240 0.000193 0.000158 0.000123 0.000098 0.000073 0.000053 0.000033 0.000017 0.000000 
0.000000 0.000019 0.000039 0.000059 0.000084 0.000110 0.000143 0.000177 0.000223 0.000270 0.000334 0.000399 0.000486 0.000575 0.000691 0.000810 0.000964 0.001119 0.001318 0.001516 0.001767 0.002014 0.002324 0.002624 0.002997 0.003353 0.003791 0.004204 0.004703 0.005169 0.005725 0.006235 0.006835 0.007378 0.008005 0.008563 0.009197 0.009750 0.010365 0.010890 0.011460 0.011932 0.012429 0.012826 0.013224 0.013524 0.013803 0.013990 0.014134 0.014197 0.014197 0.014134 0.013990 0.013803 0.013524 0.013224 0.012826 0.012429 0.011932 0.011460 0.010890 0.010365 0.009750 0.009197 0.008563 0.008005 0.007378 0.006835 0.006235 0.005725 0.005169 0.004703 0.004204 0.003791 0.003353 0.002997 0.002624 0.002324 0.002014 0.001767 0.001516 0.001318 0.001119 0.000964 0.000810 0.000691 0.000575 0.000486 0.000399 0.000334 0.000270 0.000223 0.000177 0.000143 0.000110 0.000084 0.000059 0.000039 0.000019 0.000000 
0.000000 0.000021 0.000043 0.000068 0.000094 0.000126 0.000160 0.000203 0.000249 0.000310 0.000374 0.000458 0.000544 0.000659 0.000775 0.000928 0.001082 0.001281 0.001480 0.001733 0.001985 0.002301 0.002611 0.002997 0.003369 0.003827 0.004264 0.004794 0.005294 0.005892 0.006447 0.007102 0.007702 0.008398 0.009025 0.009741 0.010375 0.011084 0.011700 0.012373 0.012942 0.013548 0.014045 0.014554 0.014952 0.015337 0.015616 0.015856 0.015999 0.016081 0.016081 0.015999 0.015856 0.015616 0.015337 0.014952 0.014554 0.014045 0.013548 0.012942 0.012373 0.011700 0.011084 0.010375 0.009741 0.009025 0.008398 0.007702 0.007102 0.006447 0.005892 0.005294 0.004794 0.004264 0.003827 0.003369 0.002997 0.002611 0.002301 0.001985 0.001733 0.001480 0.001281 0.001082 0.000928 0.000775 0.000659 0.000544 0.000458 0.000374 0.000310 0.000249 0.000203 0.000160 0.000126 0.000094 0.000068 0.000043 0.000021 0.000000 
0.000000 0.000024 0.000049 0.000076 0.000107 0.000140 0.000182 0.000227 0.000285 0.000346 0.000426 0.000511 0.000621 0.000735 0.000884 0.001036 0.001232 0.001431 0.001684 0.001938 0.002258 0.002574 0.002968 0.003353 0.003827 0.004285 0.004841 0.005371 0.006006 0.006603 0.007309 0.007964 0.008726 0.009422 0.010219 0.010935 0.011740 0.012449 0.013231 0.013904 0.014628 0.015234 0.015865 0.016374 0.016879 0.017264 0.017618 0.017858 0.018040 0.018122 0.018122 0.018040 0.017858 0.017618 0.017264 0.016879 0.016374 0.015865 0.015234 0.014628 0.013904 0.013231 0.012449 0.011740 0.010935 0.010219 0.009422 0.008726 0.007964 0.007309 0.006603 0.006006 0.005371 0.004841 0.004285 0.003827 0.003353 0.002968 0.002574 0.002258 0.001938 0.001684 0.001431 0.001232 0.001036 0.000884 0.000735 0.000621 0.000511 0.000426 0.000346 0.000285 0.000227 0.000182 0.000140 0.000107 0.000076 0.000049 0.000024 0.000000 
0.000000 0.000027 0.000055 0.000086 0.000119 0.000160 0.000202 0.000258 0.000316 0.000393 0.000474 0.000579 0.000690 0.000834 0.000982 0.001174 0.001370 0.001621 0.001874 0.002193 0.002513 0.002911 0.003305 0.003791 0.004264 0.004841 0.005397 0.006064 0.006699 0.007451 0.008157 0.008981 0.009743 0.010618 0.011416 0.012316 0.013121 0.014014 0.014795 0.015642 0.016366 0.017128 0.017759 0.018399 0.018905 0.019389 0.019743 0.020045 0.020227 0.020329 0.020329 0.020227 0.020045 0.019743 0.019389 0.018905 0.018399 0.017759 0.017128 0.016366 0.015642 0.014795 0.014014 0.013121 0.012316 0.011416 0.010618 0.009743 0.008981 0.008157 0.007451 0.006699 0.006064 0.005397 0.004841 0.004264 0.003791 0.003305 0.002911 0.002513 0.002193 0.001874 0.001621 0.001370 0.001174 0.000982 0.000834 0.000690 0.000579 0.000474 0.000393 0.000316 0.000258 0.000202 0.000160 0.000119 0.000086 0.000055 0.000027 0.000000 
0.000000 0.000030 0.000062 0.000095 0.000135 0.000176 0.000229 0.000285 0.000357 0.000434 0.000535 0.000641 0.000778 0.000922 0.001108 0.001300 0.001544 0.001795 0.002111 0.002430 0.002829 0.003227 0.003719 0.004204 0.004794 0.005371 0.006064 0.006731 0.007522 0.008274 0.009154 0.009978 0.010928 0.011804 0.012797 0.013698 0.014701 0.015594 0.016567 0.017414 0.018316 0.019078 0.019864 0.020504 0.021135 0.021619 0.022060 0.022361 0.022588 0.022691 0.022691 0.022588 0.022361 0.022060 0.021619 0.021135 0.020504 0.019864 0.019078 0.018316 0.017414 0.016567 0.015594 0.014701 0.013698 0.012797 0.011804 0.010928 0.009978 0.009154 0.008274 0.007522 0.006731 0.006064 0.005371 0.004794 0.004204 0.003719 0.003227 0.002829 0.002430 0.002111 0.001795 0.001544 0.001300 0.001108 0.000922 0.000778 0.000641 0.000535 0.000434 0.000357 0.000285 0.000229 0.000176 0.000135 0.000095 0.000062 0.000030 0.000000 
0.000000 0.000034 0.000068 0.000107 0.000148 0.000198 0.000252 0.000320 0.000393 0.000488 0.000589 0.000719 0.000857 0.001035 0.001221 0.001457 0.001702 0.002012 0.002328 0.002722 0.003121 0.003613 0.004104 0.004703 0.005294 0.006006 0.006699 0.007522 0.008314 0.009242 0.010122 0.011139 0.012089 0.013170 0.014164 0.015275 0.016279 0.017380 0.018354 0.019399 0.020300 0.021241 0.022027 0.022817 0.023448 0.024045 0.024486 0.024858 0.025085 0.025212 0.025212 0.025085 0.024858 0.024486 0.024045 0.023448 0.022817 0.022027 0.021241 0.020300 0.019399 0.018354 0.017380 0.016279 0.015275 0.014164 0.013170 0.012089 0.011139 0.010122 0.009242 0.008314 0.007522 0.006699 0.006006 0.005294 0.004703 0.004104 0.003613 0.003121 0.002722 0.002328 0.002012 0.001702 0.001457 0.001221 0.001035 0.000857 0.000719 0.000589 0.000488 0.000393 0.000320 0.000252 0.000198 0.000148 0.000107 0.000068 0.000034 0.000000 
0.000000 0.000037 0.000076 0.000117 0.000166 0.000217 0.000281 0.000351 0.000439 0.000535 0.000658 0.000789 0.000957 0.001135 0.001362 0.001599 0.001899 0.002208 0.002595 0.002989 0.003477 0.003969 0.004570 0.005169 0.005892 0.006603 0.007451 0.008274 0.009242 0.010171 0.011247 0.012264 0.013425 0.014506 0.015720 0.016832 0.018058 0.019160 0.020350 0.021395 0.022497 0.023438 0.024399 0.025189 0.025959 0.026557 0.027095 0.027468 0.027745 0.027872 0.027872 0.027745 0.027468 0.027095 0.026557 0.025959 0.025189 0.024399 0.023438 0.022497 0.021395 0.020350 0.019160 0.018058 0.016832 0.015720 0.014506 0.013425 0.012264 0.011247 0.010171 0.009242 0.008274 0.007451 0.006603 0.005892 0.005169 0.004570 0.003969 0.003477 0.002989 0.002595 0.002208 0.001899 0.001599 0.001362 0.001135 0.000957 0.000789 0.000658 0.000535 0.000439 0.000351 0.000281 0.000217 0.000166 0.000117 0.000076 0.000037 0.000000 
0.000000 0.000041 0.000083 0.000131 0.000181 0.000241 0.000307 0.000390 0.000479 0.000594 0.000718 0.000876 0.001045 0.001260 0.001488 0.001775 0.002074 0.002449 0.002836 0.003314 0.003802 0.004398 0.004999 0.005725 0.006447 0.007309 0.008157 0.009154 0.010122 0.011247 0.012323 0.013554 0.014716 0.016024 0.017239 0.018585 0.019811 0.021145 0.022335 0.023600 0.024702 0.025841 0.026802 0.027758 0.028529 0.029252 0.029791 0.030242 0.030519 0.030672 0.030672 0.030519 0.030242 0.029791 0.029252 0.028529 0.027758 0.026802 0.025841 0.024702 0.023600 0.022335 0.021145 0.019811 0.018585 0.017239 0.016024 0.014716 0.013554 0.012323 0.011247 0.010122 0.009154 0.008157 0.007309 0.006447 0.005725 0.004999 0.004398 0.003802 0.003314 0.002836 0.002449 0.002074 0.001775 0.001488 0.001260 0.001045 0.000876 0.000718 0.000594 0.000479 0.000390 0.000307 0.000241 0.000181 0.000131 0.000083 0.000041 0.000000 
0.000000 0.000045 0.000092 0.000142 0.000200 0.000262 0.000340 0.000423 0.000530 0.000646 0.000793 0.000952 0.001155 0.001370 0.001643 0.001930 0.002290 0.002664 0.003128 0.003607 0.004192 0.004788 0.005509 0.006235 0.007102 0.007964 0.008981 0.009978 0.011139 0.012264 0.013554 0.014786 0.016179 0.017488 0.018944 0.020290 0.021761 0.023094 0.024521 0.025787 0.027108 0.028247 0.029399 0.030355 0.031279 0.032002 0.032648 0.033099 0.033432 0.033585 0.033585 0.033432 0.033099 0.032648 0.032002 0.031279 0.030355 0.029399 0.028247 0.027108 0.025787 0.024521 0.023094 0.021761 0.020290 0.018944 0.017488 0.016179 0.014786 0.013554 0.012264 0.011139 0.009978 0.008981 0.007964 0.007102 0.006235 0.005509 0.004788 0.004192 0.003607 0.003128 0.002664 0.002290 0.001930 0.001643 0.001370 0.001155 0.000952 0.000793 0.000646 0.000530 0.000423 0.000340 0.000262 0.000200 0.000142 0.000092 0.000045 0.000000 
0.000000 0.000049 0.000100 0.000156 0.000216 0.000289 0.000367 0.000466 0.000573 0.000710 0.000858 0.001047 0.001249 0.001506 0.001778 0.002120 0.002479 0.002925 0.003389 0.003957 0.004543 0.005251 0.005972 0.006835 0.007702 0.008726 0.009743 0.010928 0.012089 0.013425 0.014716 0.016179 0.017571 0.019126 0.020583 0.022181 0.023652 0.025236 0.026663 0.028166 0.029487 0.030840 0.031992 0.033128 0.034051 0.034910 0.035556 0.036092 0.036424 0.036606 0.036606 0.036424 0.036092 0.035556 0.034910 0.034051 0.033128 0.031992 0.030840 0.029487 0.028166 0.026663 0.025236 0.023652 0.022181 0.020583 0.019126 0.017571 0.016179 0.014716 0.013425 0.012089 0.010928 0.009743 0.008726 0.007702 0.006835 0.005972 0.005251 0.004543 0.003957 0.003389 0.002925 0.002479 0.002120 0.001778 0.001506 0.001249 0.001047 0.000858 0.000710 0.000573 0.000466 0.000367 0.000289 0.000216 0.000156 0.000100 0.000049 0.000000 
0.000000 0.000053 0.000109 0.000168 0.000237 0.000311 0.000402 0.000502 0.000627 0.000765 0.000939 0.001128 0.001366 0.001622 0.001943 0.002285 0.002708 0.003154 0.003700 0.004269 0.004958 0.005666 0.006515 0.007378 0.008398 0.009422 0.010618 0.011804 0.013170 0.014506 0.016024 0.017488 0.019126 0.020681 0.022395 0.023993 0.025724 0.027307 0.028987 0.030489 0.032044 0.033397 0.034751 0.035887 0.036974 0.037833 0.038592 0.039128 0.039519 0.039701 0.039701 0.039519 0.039128 0.038592 0.037833 0.036974 0.035887 0.034751 0.033397 0.032044 0.030489 0.028987 0.027307 0.025724 0.023993 0.022395 0.020681 0.019126 0.017488 0.016024 0.014506 0.013170 0.011804 0.010618 0.009422 0.008398 0.007378 0.006515 0.005666 0.004958 0.004269 0.003700 0.003154 0.002708 0.002285 0.001943 0.001622 0.001366 0.001128 0.000939 0.000765 0.000627 0.000502 0.000402 0.000311 0.000237 0.000168 0.000109 0.000053 0.000000 
0.000000 0.000058 0.000117 0.000183 0.000254 0.000338 0.000431 0.000546 0.000673 0.000832 0.001007 0.001227 0.001465 0.001764 0.002085 0.002483 0.002907 0.003426 0.003973 0.004636 0.005325 0.006151 0.006999 0.008005 0.009025 0.010219 0.011416 0.012797 0.014164 0.015720 0.017239 0.018944 0.020583 0.022395 0.024108 0.025971 0.027701 0.029547 0.031226 0.032977 0.034531 0.036107 0.037462 0.038786 0.039872 0.040873 0.041633 0.042256 0.042647 0.042859 0.042859 0.042647 0.042256 0.041633 0.040873 0.039872 0.038786 0.037462 0.036107 0.034531 0.032977 0.031226 0.029547 0.027701 0.025971 0.024108 0.022395 0.020583 0.018944 0.017239 0.015720 0.014164 0.012797 0.011416 0.010219 0.009025 0.008005 0.006999 0.006151 0.005325 0.004636 0.003973 0.003426 0.002907 0.002483 0.002085 0.001764 0.001465 0.001227 0.001007 0.000832 0.000673 0.000546 0.000431 0.000338 0.000254 0.000183 0.000117 0.000058 0.000000 
0.000000 0.000062 0.000127 0.000195 0.000275 0.000361 0.000467 0.000583 0.000728 0.000888 0.001090 0.001310 0.001585 0.001884 0.002255 0.002653 0.003142 0.003662 0.004293 0.004956 0.005751 0.006578 0.007558 0.008563 0.009741 0.010935 0.012316 0.013698 0.015275 0.016832 0.018585 0.020290 0.022181 0.023993 0.025971 0.027834 0.029831 0.031676 0.033614 0.035365 0.037159 0.038735 0.040299 0.041622 0.042876 0.043877 0.044753 0.045377 0.045828 0.046040 0.046040 0.045828 0.045377 0.044753 0.043877 0.042876 0.041622 0.040299 0.038735 0.037159 0.035365 0.033614 0.031676 0.029831 0.027834 0.025971 0.023993 0.022181 0.020290 0.018585 0.016832 0.015275 0.013698 0.012316 0.010935 0.009741 0.008563 0.007558 0.006578 0.005751 0.004956 0.004293 0.003662 0.003142 0.002653 0.002255 0.001884 0.001585 0.001310 0.001090 0.000888 0.000728 0.000583 0.000467 0.000361 0.000275 0.000195 0.000127 0.000062 0.000000 
0.000000 0.000066 0.000135 0.000210 0.000292 0.000389 0.000496 0.000628 0.000774 0.000957 0.001158 0.001410 0.001686 0.002028 0.002398 0.002854 0.003343 0.003937 0.004568 0.005326 0.006122 0.007067 0.008047 0.009197 0.010375 0.011740 0.013121 0.014701 0.016279 0.018058 0.019811 0.021761 0.023652 0.025724 0.027701 0.029831 0.031828 0.033937 0.035875 0.037877 0.039670 0.041472 0.043036 0.044548 0.045802 0.046946 0.047823 0.048536 0.048987 0.049229 0.049229 0.048987 0.048536 0.047823 0.046946 0.045802 0.044548 0.043036 0.041472 0.039670 0.037877 0.035875 0.033937 0.031828 0.029831 0.027701 0.025724 0.023652 0.021761 0.019811 0.018058 0.016279 0.014701 0.013121 0.011740 0.010375 0.009197 0.008047 0.007067 0.006122 0.005326 0.004568 0.003937 0.003343 0.002854 0.002398 0.002028 0.001686 0.001410 0.001158 0.000957 0.000774 0.000628 0.000496 0.000389 0.000292 0.000210 0.000135 0.000066 0.000000 
0.000000 0.000070 0.000144 0.000223 0.000313 0.000411 0.000531 0.000664 0.000829 0.001012 0.001240 0.001492 0.001805 0.002147 0.002567 0.003023 0.003577 0.004171 0.004886 0.005644 0.006545 0.007490 0.008600 0.009750 0.011084 0.012449 0.014014 0.015594 0.017380 0.019160 0.021145 0.023094 0.025236 0.027307 0.029547 0.031676 0.033937 0.036047 0.038241 0.040243 0.042273 0.044075 0.045845 0.047358 0.048777 0.049921 0.050914 0.051627 0.052137 0.052380 0.052380 0.052137 0.051627 0.050914 0.049921 0.048777 0.047358 0.045845 0.044075 0.042273 0.040243 0.038241 0.036047 0.033937 0.031676 0.029547 0.027307 0.025236 0.023094 0.021145 0.019160 0.017380 0.015594 0.014014 0.012449 0.011084 0.009750 0.008600 0.007490 0.006545 0.005644 0.004886 0.004171 0.003577 0.003023 0.002567 0.002147 0.001805 0.001492 0.001240 0.001012 0.000829 0.000664 0.000531 0.000411 0.000313 0.000223 0.000144 0.000070 0.000000 
0.000000 0.000075 0.000152 0.000237 0.000329 0.000439 0.000560 0.000708 0.000874 0.001079 0.001307 0.001590 0.001902 0.002286 0.002706 0.003217 0.003771 0.004438 0.005153 0.006004 0.006905 0.007965 0.009075 0.010365 0.011700 0.013231 0.014795 0.016567 0.018354 0.020350 0.022335 0.024521 0.026663 0.028987 0.031226 0.033614 0.035875 0.038241 0.040435 0.042680 0.044710 0.046731 0.048501 0.050197 0.051617 0.052899 0.053892 0.054691 0.055202 0.055474 0.055474 0.055202 0.054691 0.053892 0.052899 0.051617 0.050197 0.048501 0.046731 0.044710 0.042680 0.040435 0.038241 0.035875 0.033614 0.031226 0.028987 0.026663 0.024521 0.022335 0.020350 0.018354 0.016567 0.014795 0.013231 0.011700 0.010365 0.009075 0.007965 0.006905 0.006004 0.005153 0.004438 0.003771 0.003217 0.002706 0.002286 0.001902 0.001590 0.001307 0.001079 0.000874 0.000708 0.000560 0.000439 0.000329 0.000237 0.000152 0.000075 0.000000 
0.000000 0.000078 0.000161 0.000249 0.000349 0.000460 0.000593 0.000742 0.000926 0.001132 0.001385 0.001668 0.002015 0.002399 0.002866 0.003377 0.003993 0.004660 0.005454 0.006305 0.007306 0.008367 0.009600 0.010890 0.012373 0.013904 0.015642 0.017414 0.019399 0.021395 0.023600 0.025787 0.028166 0.030489 0.032977 0.035365 0.037877 0.040243 0.042680 0.044924 0.047180 0.049200 0.051167 0.052863 0.054439 0.055722 0.056824 0.057624 0.058191 0.058463 0.058463 0.058191 0.057624 0.056824 0.055722 0.054439 0.052863 0.051167 0.049200 0.047180 0.044924 0.042680 0.040243 0.037877 0.035365 0.032977 0.030489 0.028166 0.025787 0.023600 0.021395 0.019399 0.017414 0.015642 0.013904 0.012373 0.010890 0.009600 0.008367 0.007306 0.006305 0.005454 0.004660 0.003993 0.003377 0.002866 0.002399 0.002015 0.001668 0.001385 0.001132 0.000926 0.000742 0.000593 0.000460 0.000349 0.000249 0.000161 0.000078 0.000000 
0.000000 0.000083 0.000168 0.000262 0.000365 0.000485 0.000620 0.000783 0.000967 0.001193 0.001447 0.001758 0.002105 0.002528 0.002995 0.003558 0.004174 0.004908 0.005702 0.006638 0.007640 0.008807 0.010040 0.011460 0.012942 0.014628 0.016366 0.018316 0.020300 0.022497 0.024702 0.027108 0.029487 0.032044 0.034531 0.037159 0.039670 0.042273 0.044710 0.047180 0.049436 0.051658 0.053625 0.055490 0.057067 0.058478 0.059581 0.060460 0.061028 0.061326 0.061326 0.061028 0.060460 0.059581 0.058478 0.057067 0.055490 0.053625 0.051658 0.049436 0.047180 0.044710 0.042273 0.039670 0.037159 0.034531 0.032044 0.029487 0.027108 0.024702 0.022497 0.020300 0.018316 0.016366 0.014628 0.012942 0.011460 0.010040 0.008807 0.007640 0.006638 0.005702 0.004908 0.004174 0.003558 0.002995 0.002528 0.002105 0.001758 0.001447 0.001193 0.000967 0.000783 0.000620 0.000485 0.000365 0.000262 0.000168 0.000083 0.000000 
0.000000 0.000086 0.000177 0.000273 0.000383 0.000504 0.000650 0.000814 0.001014 0.001241 0.001517 0.001829 0.002207 0.002630 0.003139 0.003702 0.004373 0.005107 0.005973 0.006909 0.008001 0.009168 0.010513 0.011932 0.013548 0.015234 0.017128 0.019078 0.021241 0.023438 0.025841 0.028247 0.030840 0.033397 0.036107 0.038735 0.041472 0.044075 0.046731 0.049200 0.051658 0.053881 0.056024 0.057890 0.059608 0.061019 0.062220 0.063100 0.063718 0.064017 0.064017 0.063718 0.063100 0.062220 0.061019 0.059608 0.057890 0.056024 0.053881 0.051658 0.049200 0.046731 0.044075 0.041472 0.038735 0.036107 0.033397 0.030840 0.028247 0.025841 0.023438 0.021241 0.019078 0.017128 0.015234 0.013548 0.011932 0.010513 0.009168 0.008001 0.006909 0.005973 0.005107 0.004373 0.003702 0.003139 0.002630 0.002207 0.001829 0.001517 0.001241 0.001014 0.000814 0.000650 0.000504 0.000383 0.000273 0.000177 0.000086 0.000000 
0.000000 0.000090 0.000183 0.000285 0.000396 0.000526 0.000673 0.000849 0.001050 0.001294 0.001571 0.001907 0.002286 0.002742 0.003251 0.003859 0.004531 0.005323 0.006189 0.007200 0.008292 0.009552 0.010896 0.012429 0.014045 0.015865 0.017759 0.019864 0.022027 0.024399 0.026802 0.029399 0.031992 0.034751 0.037462 0.040299 0.043036 0.045845 0.048501 0.051167 0.053625 0.056024 0.058166 0.060180 0.061898 0.063421 0.064623 0.065572 0.066190 0.066513 0.066513 0.066190 0.065572 0.064623 0.063421 0.061898 0.060180 0.058166 0.056024 0.053625 0.051167 0.048501 0.045845 0.043036 0.040299 0.037462 0.034751 0.031992 0.029399 0.026802 0.024399 0.022027 0.019864 0.017759 0.015865 0.014045 0.012429 0.010896 0.009552 0.008292 0.007200 0.006189 0.005323 0.004531 0.003859 0.003251 0.002742 0.002286 0.001907 0.001571 0.001294 0.001050 0.000849 0.000673 0.000526 0.000396 0.000285 0.000183 0.000090 0.000000 
0.000000 0.000093 0.000190 0.000293 0.000411 0.000542 0.000698 0.000876 0.001090 0.001334 0.001630 0.001966 0.002371 0.002828 0.003372 0.003980 0.004698 0.005491 0.006417 0.007428 0.008596 0.009855 0.011293 0.012826 0.014554 0.016374 0.018399 0.020504 0.022817 0.025189 0.027758 0.030355 0.033128 0.035887 0.038786 0.041622 0.044548 0.047358 0.050197 0.052863 0.055490 0.057890 0.060180 0.062194 0.064031 0.065554 0.066838 0.067788 0.068448 0.068771 0.068771 0.068448 0.067788 0.066838 0.065554 0.064031 0.062194 0.060180 0.057890 0.055490 0.052863 0.050197 0.047358 0.044548 0.041622 0.038786 0.035887 0.033128 0.030355 0.027758 0.025189 0.022817 0.020504 0.018399 0.016374 0.014554 0.012826 0.011293 0.009855 0.008596 0.007428 0.006417 0.005491 0.004698 0.003980 0.003372 0.002828 0.002371 0.001966 0.001630 0.001334 0.001090 0.000876 0.000698 0.000542 0.000411 0.000293 0.000190 0.000093 0.000000 
