0.000000 0.000000 0.000000 0.000000 0.000000 0.000000 0.000000 0.000000 0.000000 0.000000 0.000000 0.000000 0.000000 0.000000 0.000000 0.000000 0.000000 0.000000 0.000000 0.000000 0.000000 0.000000 0.000000 0.000000 0.000000 0.000000 0.000000 0.000000 0.000000 0.000000 0.000000 0.000000 0.000000 0.000000 0.000000 0.000000 0.000000 0.000000 0.000000 0.000000 0.000000 0.000000 0.000000 0.000000 0.000000 0.000000 0.000000 0.000000 0.000000 0.000000 0.000000 0.000000 0.000000 0.000000 0.000000 0.000000 0.000000 0.000000 0.000000 0.000000 0.000000 0.000000 0.000000 0.000000 0.000000 0.000000 0.000000 0.000000 0.000000 0.000000 0.000000 0.000000 0.000000 0.000000 0.000000 0.000000 0.000000 0.000000 0.000000 0.000000 0.000000 0.000000 0.000000 0.000000 0.000000 0.000000 0.000000 0.000000 0.000000 0.000000 0.000000 0.000000 0.000000 0.000000 0.000000 0.000000 0.000000 0.000000 0.000000 0.000000 
0.000000 0.000006 0.000011 0.000017 0.000023 0.000029 0.000036 0.000042 0.000049 0.000056 0.000064 0.000071 0.000080 0.000088 0.000098 0.000107 0.000117 0.000127 0.000139 0.000149 0.000162 0.000173 0.000186 0.000199 0.000213 0.000225 0.000240 0.000253 0.000268 0.000282 0.000296 0.000310 0.000325 0.000338 0.000352 0.000364 0.000378 0.000389 0.000402 0.000412 0.000423 0.000432 0.000441 0.000448 0.000455 0.000460 0.000465 0.000468 0.000471 0.000472 0.000472 0.000471 0.000468 0.000465 0.000460 0.000455 0.000448 0.000441 0.000432 0.000423 0.000412 0.000402 0.000389 0.000378 0.000364 0.000352 0.000338 0.000325 0.000310 0.000296 0.000282 0.000268 0.000253 0.000240 0.000225 0.000213 0.000199 0.000186 0.000173 0.000162 0.000149 0.000139 0.000127 0.000117 0.000107 0.000098 0.000088 0.000080 0.000071 0.000064 0.000056 0.000049 0.000042 0.000036 0.000029 0.000023 0.000017 0.000011 0.000006 0.000000 
0.000000 0.000011 0.000023 0.000035 0.000046 0.000059 0.000071 0.000085 0.000098 0.000113 0.000127 0.000144 0.000160 0.000178 0.000195 0.000215 0.000234 0.000256 0.000277 0.000301 0.000323 0.000349 0.000373 0.000400 0.000425 0.000454 0.000480 0.000510 0.000537 0.000567 0.000594 0.000623 0.000650 0.000679 0.000705 0.000733 0.000757 0.000783 0.000805 0.000828 0.000848 0.000868 0.000884 0.000900 0.000913 0.000924 0.000933 0.000940 0.000945 0.000947 0.000947 0.000945 0.000940 0.000933 0.000924 0.000913 0.000900 0.000884 0.000868 0.000848 0.000828 0.000805 0.000783 0.000757 0.000733 0.000705 0.000679 0.000650 0.000623 0.000594 0.000567 0.000537 0.000510 0.000480 0.000454 0.000425 0.000400 0.000373 0.000349 0.000323 0.000301 0.000277 0.000256 0.000234 0.000215 0.000195 0.000178 0.000160 0.000144 0.000127 0.000113 0.000098 0.000085 0.000071 0.000059 0.000046 0.000035 0.000023 0.000011 0.000000 
0.000000 0.000017 0.000035 0.000052 0.000070 0.000089 0.000108 0.000128 0.000149 0.000170 0.000193 0.000216 0.000242 0.000267 0.000296 0.000323 0.000355 0.000385 0.000420 0.000452 0.000490 0.000525 0.000565 0.000602 0.000644 0.000683 0.000727 0.000767 0.000812 0.000853 0.000898 0.000939 0.000983 0.001023 0.001066 0.001104 0.001145 0.001180 0.001217 0.001248 0.001281 0.001308 0.001335 0.001357 0.001378 0.001394 0.001409 0.001419 0.001426 0.001429 0.001429 0.001426 0.001419 0.001409 0.001394 0.001378 0.001357 0.001335 0.001308 0.001281 0.001248 0.001217 0.001180 0.001145 0.001104 0.001066 0.001023 0.000983 0.000939 0.000898 0.000853 0.000812 0.000767 0.000727 0.000683 0.000644 0.000602 0.000565 0.000525 0.000490 0.000452 0.000420 0.000385 0.000355 0.000323 0.000296 0.000267 0.000242 0.000216 0.000193 0.000170 0.000149 0.000128 0.000108 0.000089 0.000070 0.000052 0.000035 0.000017 0.000000 
0.000000 0.000023 0.000046 0.000070 0.000094 0.000120 0.000145 0.000172 0.000199 0.000229 0.000259 0.000292 0.000324 0.000361 0.000396 0.000437 0.000475 0.000520 0.000562 0.000610 0.000656 0.000708 0.000757 0.000812 0.000863 0.000921 0.000974 0.001034 0.001089 0.001149 0.001204 0.001265 0.001319 0.001378 0.001431 0.001487 0.001536 0.001589 0.001634 0.001681 0.001720 0.001760 0.001793 0.001826 0.001852 0.001876 0.001893 0.001908 0.001917 0.001922 0.001922 0.001917 0.001908 0.001893 0.001876 0.001852 0.001826 0.001793 0.001760 0.001720 0.001681 0.001634 0.001589 0.001536 0.001487 0.001431 0.001378 0.001319 0.001265 0.001204 0.001149 0.001089 0.001034 0.000974 0.000921 0.000863 0.000812 0.000757 0.000708 0.000656 0.000610 0.000562 0.000520 0.000475 0.000437 0.000396 0.000361 0.000324 0.000292 0.000259 0.000229 0.000199 0.000172 0.000145 0.000120 0.000094 0.000070 0.000046 0.000023 0.000000 
0.000000 0.000029 0.000059 0.000089 0.000120 0.000151 0.000184 0.000217 0.000253 0.000288 0.000328 0.000367 0.000411 0.000454 0.000502 0.000549 0.000603 0.000654 0.000713 0.000768 0.000831 0.000891 0.000959 0.001022 0.001094 0.001160 0.001234 0.001303 0.001379 0.001449 0.001525 0.001594 0.001670 0.001738 0.001811 0.001875 0.001944 0.002004 0.002067 0.002120 0.002175 0.002222 0.002268 0.002305 0.002341 0.002368 0.002393 0.002409 0.002422 0.002427 0.002427 0.002422 0.002409 0.002393 0.002368 0.002341 0.002305 0.002268 0.002222 0.002175 0.002120 0.002067 0.002004 0.001944 0.001875 0.001811 0.001738 0.001670 0.001594 0.001525 0.001449 0.001379 0.001303 0.001234 0.001160 0.001094 0.001022 0.000959 0.000891 0.000831 0.000768 0.000713 0.000654 0.000603 0.000549 0.000502 0.000454 0.000411 0.000367 0.000328 0.000288 0.000253 0.000217 0.000184 0.000151 0.000120 0.000089 0.000059 0.000029 0.000000 
0.000000 0.000036 0.000071 0.000108 0.000145 0.000184 0.000222 0.000265 0.000306 0.000352 0.000397 0.000448 0.000497 0.000554 0.000608 0.000670 0.000730 0.000798 0.000863 0.000937 0.001007 0.001087 0.001161 0.001246 0.001325 0.001414 0.001496 0.001588 0.001672 0.001765 0.001849 0.001942 0.002025 0.002116 0.002196 0.002283 0.002359 0.002439 0.002508 0.002580 0.002641 0.002702 0.002753 0.002803 0.002843 0.002880 0.002906 0.002929 0.002943 0.002950 0.002950 0.002943 0.002929 0.002906 0.002880 0.002843 0.002803 0.002753 0.002702 0.002641 0.002580 0.002508 0.002439 0.002359 0.002283 0.002196 0.002116 0.002025 0.001942 0.001849 0.001765 0.001672 0.001588 0.001496 0.001414 0.001325 0.001246 0.001161 0.001087 0.001007 0.000937 0.000863 0.000798 0.000730 0.000670 0.000608 0.000554 0.000497 0.000448 0.000397 0.000352 0.000306 0.000265 0.000222 0.000184 0.000145 0.000108 0.000071 0.000036 0.000000 
0.000000 0.000042 0.000085 0.000128 0.000172 0.000217 0.000265 0.000312 0.000364 0.000415 0.000472 0.000528 0.000592 0.000653 0.000723 0.000790 0.000867 0.000941 0.001025 0.001105 0.001196 0.001282 0.001379 0.001471 0.001573 0.001669 0.001776 0.001874 0.001984 0.002084 0.002194 0.002294 0.002403 0.002500 0.002605 0.002698 0.002797 0.002883 0.002973 0.003050 0.003130 0.003196 0.003262 0.003316 0.003368 0.003407 0.003442 0.003466 0.003484 0.003492 0.003492 0.003484 0.003466 0.003442 0.003407 0.003368 0.003316 0.003262 0.003196 0.003130 0.003050 0.002973 0.002883 0.002797 0.002698 0.002605 0.002500 0.002403 0.002294 0.002194 0.002084 0.001984 0.001874 0.001776 0.001669 0.001573 0.001471 0.001379 0.001282 0.001196 0.001105 0.001025 0.000941 0.000867 0.000790 0.000723 0.000653 0.000592 0.000528 0.000472 0.000415 0.000364 0.000312 0.000265 0.000217 0.000172 0.000128 0.000085 0.000042 0.000000 
0.000000 0.000049 0.000098 0.000149 0.000199 0.000253 0.000306 0.000364 0.000421 0.000484 0.000546 0.000616 0.000684 0.000762 0.000837 0.000922 0.001004 0.001098 0.001187 0.001289 0.001385 0.001495 0.001598 0.001714 0.001823 0.001945 0.002058 0.002183 0.002299 0.002427 0.002543 0.002671 0.002786 0.002910 0.003021 0.003140 0.003244 0.003354 0.003449 0.003548 0.003632 0.003717 0.003787 0.003855 0.003910 0.003960 0.003997 0.004028 0.004047 0.004057 0.004057 0.004047 0.004028 0.003997 0.003960 0.003910 0.003855 0.003787 0.003717 0.003632 0.003548 0.003449 0.003354 0.003244 0.003140 0.003021 0.002910 0.002786 0.002671 0.002543 0.002427 0.002299 0.002183 0.002058 0.001945 0.001823 0.001714 0.001598 0.001495 0.001385 0.001289 0.001187 0.001098 0.001004 0.000922 0.000837 0.000762 0.000684 0.000616 0.000546 0.000484 0.000421 0.000364 0.000306 0.000253 0.000199 0.000149 0.000098 0.000049 0.000000 
0.000000 0.000056 0.000113 0.000170 0.000229 0.000288 0.000352 0.000415 0.000484 0.000552 0.000629 0.000703 0.000787 0.000869 0.000962 0.001052 0.001154 0.001253 0.001364 0.001471 0.001592 0.001707 0.001836 0.001957 0.002094 0.002221 0.002363 0.002495 0.002640 0.002774 0.002920 0.003053 0.003197 0.003327 0.003467 0.003590 0.003722 0.003837 0.003956 0.004059 0.004165 0.004253 0.004341 0.004413 0.004481 0.004534 0.004581 0.004613 0.004637 0.004647 0.004647 0.004637 0.004613 0.004581 0.004534 0.004481 0.004413 0.004341 0.004253 0.004165 0.004059 0.003956 0.003837 0.003722 0.003590 0.003467 0.003327 0.003197 0.003053 0.002920 0.002774 0.002640 0.002495 0.002363 0.002221 0.002094 0.001957 0.001836 0.001707 0.001592 0.001471 0.001364 0.001253 0.001154 0.001052 0.000962 0.000869 0.000787 0.000703 0.000629 0.000552 0.000484 0.000415 0.000352 0.000288 0.000229 0.000170 0.000113 0.000056 0.000000 
0.000000 0.000064 0.000127 0.000193 0.000259 0.000328 0.000397 0.000472 0.000546 0.000629 0.000709 0.000800 0.000888 0.000989 0.001086 0.001197 0.001303 0.001425 0.001541 0.001673 0.001798 0.001940 0.002074 0.002225 0.002366 0.002524 0.002671 0.002834 0.002984 0.003150 0.003301 0.003466 0.003616 0.003777 0.003921 0.004075 0.004210 0.004353 0.004477 0.004605 0.004714 0.004824 0.004915 0.005004 0.005074 0.005140 0.005188 0.005228 0.005252 0.005266 0.005266 0.005252 0.005228 0.005188 0.005140 0.005074 0.005004 0.004915 0.004824 0.004714 0.004605 0.004477 0.004353 0.004210 0.004075 0.003921 0.003777 0.003616 0.003466 0.003301 0.003150 0.002984 0.002834 0.002671 0.002524 0.002366 0.002225 0.002074 0.001940 0.001798 0.001673 0.001541 0.001425 0.001303 0.001197 0.001086 0.000989 0.000888 0.000800 0.000709 0.000629 0.000546 0.000472 0.000397 0.000328 0.000259 0.000193 0.000127 0.000064 0.000000 
0.000000 0.000071 0.000144 0.000216 0.000292 0.000367 0.000448 0.000528 0.000616 0.000703 0.000800 0.000895 0.001002 0.001106 0.001225 0.001339 0.001469 0.001594 0.001736 0.001872 0.002026 0.002172 0.002336 0.002491 0.002665 0.002827 0.003008 0.003175 0.003360 0.003530 0.003716 0.003885 0.004069 0.004234 0.004411 0.004569 0.004736 0.004882 0.005034 0.005166 0.005300 0.005412 0.005524 0.005616 0.005702 0.005769 0.005829 0.005870 0.005900 0.005914 0.005914 0.005900 0.005870 0.005829 0.005769 0.005702 0.005616 0.005524 0.005412 0.005300 0.005166 0.005034 0.004882 0.004736 0.004569 0.004411 0.004234 0.004069 0.003885 0.003716 0.003530 0.003360 0.003175 0.003008 0.002827 0.002665 0.002491 0.002336 0.002172 0.002026 0.001872 0.001736 0.001594 0.001469 0.001339 0.001225 0.001106 0.001002 0.000895 0.000800 0.000703 0.000616 0.000528 0.000448 0.000367 0.000292 0.000216 0.000144 0.000071 0.000000 
0.000000 0.000080 0.000160 0.000242 0.000324 0.000411 0.000497 0.000592 0.000684 0.000787 0.000888 0.001002 0.001113 0.001238 0.001360 0.001499 0.001632 0.001784 0.001930 0.002095 0.002252 0.002429 0.002598 0.002786 0.002963 0.003161 0.003345 0.003549 0.003738 0.003945 0.004135 0.004341 0.004528 0.004730 0.004911 0.005103 0.005273 0.005451 0.005607 0.005767 0.005903 0.006041 0.006155 0.006266 0.006355 0.006436 0.006497 0.006547 0.006578 0.006594 0.006594 0.006578 0.006547 0.006497 0.006436 0.006355 0.006266 0.006155 0.006041 0.005903 0.005767 0.005607 0.005451 0.005273 0.005103 0.004911 0.004730 0.004528 0.004341 0.004135 0.003945 0.003738 0.003549 0.003345 0.003161 0.002963 0.002786 0.002598 0.002429 0.002252 0.002095 0.001930 0.001784 0.001632 0.001499 0.001360 0.001238 0.001113 0.001002 0.000888 0.000787 0.000684 0.000592 0.000497 0.000411 0.000324 0.000242 0.000160 0.000080 0.000000 
0.000000 0.000088 0.000178 0.000267 0.000361 0.000454 0.000554 0.000653 0.000762 0.000869 0.000989 0.001106 0.001238 0.001367 0.001513 0.001655 0.001816 0.001971 0.002146 0.002314 0.002504 0.002685 0.002887 0.003079 0.003293 0.003494 0.003717 0.003924 0.004152 0.004363 0.004592 0.004802 0.005028 0.005233 0.005452 0.005647 0.005853 0.006034 0.006222 0.006384 0.006549 0.006689 0.006827 0.006940 0.007047 0.007130 0.007203 0.007254 0.007291 0.007308 0.007308 0.007291 0.007254 0.007203 0.007130 0.007047 0.006940 0.006827 0.006689 0.006549 0.006384 0.006222 0.006034 0.005853 0.005647 0.005452 0.005233 0.005028 0.004802 0.004592 0.004363 0.004152 0.003924 0.003717 0.003494 0.003293 0.003079 0.002887 0.002685 0.002504 0.002314 0.002146 0.001971 0.001816 0.001655 0.001513 0.001367 0.001238 0.001106 0.000989 0.000869 0.000762 0.000653 0.000554 0.000454 0.000361 0.000267 0.000178 0.000088 0.000000 
0.000000 0.000098 0.000195 0.000296 0.000396 0.000502 0.000608 0.000723 0.000837 0.000962 0.001086 0.001225 0.001360 0.001513 0.001663 0.001832 0.001995 0.002180 0.002359 0.002560 0.002753 0.002969 0.003175 0.003405 0.003622 0.003863 0.004088 0.004337 0.004568 0.004821 0.005053 0.005305 0.005534 0.005780 0.006001 0.006235 0.006444 0.006661 0.006851 0.007047 0.007214 0.007381 0.007521 0.007657 0.007765 0.007865 0.007939 0.008000 0.008038 0.008058 0.008058 0.008038 0.008000 0.007939 0.007865 0.007765 0.007657 0.007521 0.007381 0.007214 0.007047 0.006851 0.006661 0.006444 0.006235 0.006001 0.005780 0.005534 0.005305 0.005053 0.004821 0.004568 0.004337 0.004088 0.003863 0.003622 0.003405 0.003175 0.002969 0.002753 0.002560 0.002359 0.002180 0.001995 0.001832 0.001663 0.001513 0.001360 0.001225 0.001086 0.000962 0.000837 0.000723 0.000608 0.000502 0.000396 0.000296 0.000195 0.000098 0.000000 
0.000000 0.000107 0.000215 0.000323 0.000437 0.000549 0.000670 0.000790 0.000922 0.001052 0.001197 0.001339 0.001499 0.001655 0.001832 0.002004 0.002197 0.002385 0.002597 0.002801 0.003030 0.003249 0.003494 0.003727 0.003985 0.004229 0.004498 0.004749 0.005025 0.005280 0.005557 0.005811 0.006085 0.006333 0.006597 0.006833 0.007082 0.007302 0.007528 0.007725 0.007925 0.008094 0.008261 0.008398 0.008527 0.008628 0.008716 0.008778 0.008823 0.008843 0.008843 0.008823 0.008778 0.008716 0.008628 0.008527 0.008398 0.008261 0.008094 0.007925 0.007725 0.007528 0.007302 0.007082 0.006833 0.006597 0.006333 0.006085 0.005811 0.005557 0.005280 0.005025 0.004749 0.004498 0.004229 0.003985 0.003727 0.003494 0.003249 0.003030 0.002801 0.002597 0.002385 0.002197 0.002004 0.001832 0.001655 0.001499 0.001339 0.001197 0.001052 0.000922 0.000790 0.000670 0.000549 0.000437 0.000323 0.000215 0.000107 0.000000 
0.000000 0.000117 0.000234 0.000355 0.000475 0.000603 0.000730 0.000867 0.001004 0.001154 0.001303 0.001469 0.001632 0.001816 0.001995 0.002197 0.002394 0.002616 0.002830 0.003071 0.003303 0.003562 0.003809 0.004084 0.004345 0.004634 0.004905 0.005203 0.005481 0.005783 0.006062 0.006364 0.006639 0.006933 0.007199 0.007480 0.007730 0.007991 0.008219 0.008453 0.008654 0.008855 0.009023 0.009185 0.009315 0.009435 0.009524 0.009597 0.009642 0.009667 0.009667 0.009642 0.009597 0.009524 0.009435 0.009315 0.009185 0.009023 0.008855 0.008654 0.008453 0.008219 0.007991 0.007730 0.007480 0.007199 0.006933 0.006639 0.006364 0.006062 0.005783 0.005481 0.005203 0.004905 0.004634 0.004345 0.004084 0.003809 0.003562 0.003303 0.003071 0.002830 0.002616 0.002394 0.002197 0.001995 0.001816 0.001632 0.001469 0.001303 0.001154 0.001004 0.000867 0.000730 0.000603 0.000475 0.000355 0.000234 0.000117 0.000000 
0.000000 0.000127 0.000256 0.000385 0.000520 0.000654 0.000798 0.000941 0.001098 0.001253 0.001425 0.001594 0.001784 0.001971 0.002180 0.002385 0.002616 0.002840 0.003092 0.003335 0.003607 0.003868 0.004159 0.004437 0.004744 0.005034 0.005354 0.005654 0.005981 0.006285 0.006614 0.006918 0.007242 0.007538 0.007852 0.008134 0.008429 0.008691 0.008961 0.009196 0.009433 0.009634 0.009832 0.009996 0.010149 0.010269 0.010374 0.010448 0.010501 0.010526 0.010526 0.010501 0.010448 0.010374 0.010269 0.010149 0.009996 0.009832 0.009634 0.009433 0.009196 0.008961 0.008691 0.008429 0.008134 0.007852 0.007538 0.007242 0.006918 0.006614 0.006285 0.005981 0.005654 0.005354 0.005034 0.004744 0.004437 0.004159 0.003868 0.003607 0.003335 0.003092 0.002840 0.002616 0.002385 0.002180 0.001971 0.001784 0.001594 0.001425 0.001253 0.001098 0.000941 0.000798 0.000654 0.000520 0.000385 0.000256 0.000127 0.000000 
0.000000 0.000139 0.000277 0.000420 0.000562 0.000713 0.000863 0.001025 0.001187 0.001364 0.001541 0.001736 0.001930 0.002146 0.002359 0.002597 0.002830 0.003092 0.003346 0.003630 0.003904 0.004209 0.004502 0.004827 0.005136 0.005476 0.005798 0.006149 0.006478 0.006834 0.007165 0.007520 0.007847 0.008194 0.008509 0.008840 0.009136 0.009443 0.009714 0.009989 0.010227 0.010464 0.010663 0.010854 0.011009 0.011149 0.011255 0.011341 0.011394 0.011423 0.011423 0.011394 0.011341 0.011255 0.011149 0.011009 0.010854 0.010663 0.010464 0.010227 0.009989 0.009714 0.009443 0.009136 0.008840 0.008509 0.008194 0.007847 0.007520 0.007165 0.006834 0.006478 0.006149 0.005798 0.005476 0.005136 0.004827 0.004502 0.004209 0.003904 0.003630 0.003346 0.003092 0.002830 0.002597 0.002359 0.002146 0.001930 0.001736 0.001541 0.001364 0.001187 0.001025 0.000863 0.000713 0.000562 0.000420 0.000277 0.000139 0.000000 
0.000000 0.000149 0.000301 0.000452 0.000610 0.000768 0.000937 0.001105 0.001289 0.001471 0.001673 0.001872 0.002095 0.002314 0.002560 0.002801 0.003071 0.003335 0.003630 0.003916 0.004235 0.004542 0.004883 0.005209 0.005569 0.005911 0.006285 0.006638 0.007021 0.007379 0.007765 0.008121 0.008502 0.008850 0.009217 0.009550 0.009895 0.010203 0.010519 0.010795 0.011073 0.011310 0.011542 0.011734 0.011914 0.012056 0.012179 0.012265 0.012327 0.012357 0.012357 0.012327 0.012265 0.012179 0.012056 0.011914 0.011734 0.011542 0.011310 0.011073 0.010795 0.010519 0.010203 0.009895 0.009550 0.009217 0.008850 0.008502 0.008121 0.007765 0.007379 0.007021 0.006638 0.006285 0.005911 0.005569 0.005209 0.004883 0.004542 0.004235 0.003916 0.003630 0.003335 0.003071 0.002801 0.002560 0.002314 0.002095 0.001872 0.001673 0.001471 0.001289 0.001105 0.000937 0.000768 0.000610 0.000452 0.000301 0.000149 0.000000 
0.000000 0.000162 0.000323 0.000490 0.000656 0.000831 0.001007 0.001196 0.001385 0.001592 0.001798 0.002026 0.002252 0.002504 0.002753 0.003030 0.003303 0.003607 0.003904 0.004235 0.004555 0.004911 0.005254 0.005631 0.005993 0.006389 0.006764 0.007173 0.007558 0.007973 0.008360 0.008773 0.009155 0.009558 0.009927 0.010312 0.010659 0.011016 0.011333 0.011653 0.011932 0.012207 0.012439 0.012662 0.012843 0.013006 0.013130 0.013230 0.013293 0.013326 0.013326 0.013293 0.013230 0.013130 0.013006 0.012843 0.012662 0.012439 0.012207 0.011932 0.011653 0.011333 0.011016 0.010659 0.010312 0.009927 0.009558 0.009155 0.008773 0.008360 0.007973 0.007558 0.007173 0.006764 0.006389 0.005993 0.005631 0.005254 0.004911 0.004555 0.004235 0.003904 0.003607 0.003303 0.003030 0.002753 0.002504 0.002252 0.002026 0.001798 0.001592 0.001385 0.001196 0.001007 0.000831 0.000656 0.000490 0.000323 0.000162 0.000000 
0.000000 0.000173 0.000349 0.000525 0.000708 0.000891 0.001087 0.001282 0.001495 0.001707 0.001940 0.002172 0.002429 0.002685 0.002969 0.003249 0.003562 0.003868 0.004209 0.004542 0.004911 0.005268 0.005663 0.006042 0.006458 0.006856 0.007289 0.007699 0.008142 0.008558 0.009004 0.009419 0.009859 0.010264 0.010689 0.011075 0.011475 0.011833 0.012198 0.012519 0.012840 0.013116 0.013385 0.013608 0.013816 0.013980 0.014123 0.014223 0.014295 0.014329 0.014329 0.014295 0.014223 0.014123 0.013980 0.013816 0.013608 0.013385 0.013116 0.012840 0.012519 0.012198 0.011833 0.011475 0.011075 0.010689 0.010264 0.009859 0.009419 0.009004 0.008558 0.008142 0.007699 0.007289 0.006856 0.006458 0.006042 0.005663 0.005268 0.004911 0.004542 0.004209 0.003868 0.003562 0.003249 0.002969 0.002685 0.002429 0.002172 0.001940 0.001707 0.001495 0.001282 0.001087 0.000891 0.000708 0.000525 0.000349 0.000173 0.000000 
0.000000 0.000186 0.000373 0.000565 0.000757 0.000959 0.001161 0.001379 0.001598 0.001836 0.002074 0.002336 0.002598 0.002887 0.003175 0.003494 0.003809 0.004159 0.004502 0.004883 0.005254 0.005663 0.006059 0.006493 0.006911 0.007366 0.007801 0.008271 0.008715 0.009193 0.009640 0.010115 0.010557 0.011021 0.011447 0.011890 0.012290 0.012701 0.013067 0.013436 0.013758 0.014074 0.014343 0.014599 0.014808 0.014996 0.015139 0.015254 0.015326 0.015365 0.015365 0.015326 0.015254 0.015139 0.014996 0.014808 0.014599 0.014343 0.014074 0.013758 0.013436 0.013067 0.012701 0.012290 0.011890 0.011447 0.011021 0.010557 0.010115 0.009640 0.009193 0.008715 0.008271 0.007801 0.007366 0.006911 0.006493 0.006059 0.005663 0.005254 0.004883 0.004502 0.004159 0.003809 0.003494 0.003175 0.002887 0.002598 0.002336 0.002074 0.001836 0.001598 0.001379 0.001161 0.000959 0.000757 0.000565 0.000373 0.000186 0.000000 
0.000000 0.000199 0.000400 0.000602 0.000812 0.001022 0.001246 0.001471 0.001714 0.001957 0.002225 0.002491 0.002786 0.003079 0.003405 0.003727 0.004084 0.004437 0.004827 0.005209 0.005631 0.006042 0.006493 0.006929 0.007406 0.007862 0.008358 0.008829 0.009336 0.009814 0.010324 0.010801 0.011305 0.011770 0.012256 0.012700 0.013157 0.013569 0.013986 0.014356 0.014723 0.015040 0.015347 0.015603 0.015842 0.016030 0.016193 0.016308 0.016391 0.016430 0.016430 0.016391 0.016308 0.016193 0.016030 0.015842 0.015603 0.015347 0.015040 0.014723 0.014356 0.013986 0.013569 0.013157 0.012700 0.012256 0.011770 0.011305 0.010801 0.010324 0.009814 0.009336 0.008829 0.008358 0.007862 0.007406 0.006929 0.006493 0.006042 0.005631 0.005209 0.004827 0.004437 0.004084 0.003727 0.003405 0.003079 0.002786 0.002491 0.002225 0.001957 0.001714 0.001471 0.001246 0.001022 0.000812 0.000602 0.000400 0.000199 0.000000 
0.000000 0.000213 0.000425 0.000644 0.000863 0.001094 0.001325 0.001573 0.001823 0.002094 0.002366 0.002665 0.002963 0.003293 0.003622 0.003985 0.004345 0.004744 0.005136 0.005569 0.005993 0.006458 0.006911 0.007406 0.007883 0.008401 0.008898 0.009433 0.009941 0.010484 0.010995 0.011536 0.012040 0.012569 0.013055 0.013559 0.014017 0.014485 0.014903 0.015322 0.015690 0.016050 0.016358 0.016649 0.016888 0.017102 0.017265 0.017396 0.017479 0.017523 0.017523 0.017479 0.017396 0.017265 0.017102 0.016888 0.016649 0.016358 0.016050 0.015690 0.015322 0.014903 0.014485 0.014017 0.013559 0.013055 0.012569 0.012040 0.011536 0.010995 0.010484 0.009941 0.009433 0.008898 0.008401 0.007883 0.007406 0.006911 0.006458 0.005993 0.005569 0.005136 0.004744 0.004345 0.003985 0.003622 0.003293 0.002963 0.002665 0.002366 0.002094 0.001823 0.001573 0.001325 0.001094 0.000863 0.000644 0.000425 0.000213 0.000000 
0.000000 0.000225 0.000454 0.000683 0.000921 0.001160 0.001414 0.001669 0.001945 0.002221 0.002524 0.002827 0.003161 0.003494 0.003863 0.004229 0.004634 0.005034 0.005476 0.005911 0.006389 0.006856 0.007366 0.007862 0.008401 0.008921 0.009481 0.010017 0.010591 0.011135 0.011712 0.012254 0.012824 0.013353 0.013903 0.014408 0.014925 0.015393 0.015866 0.016286 0.016701 0.017062 0.017409 0.017701 0.017971 0.018185 0.018369 0.018501 0.018594 0.018638 0.018638 0.018594 0.018501 0.018369 0.018185 0.017971 0.017701 0.017409 0.017062 0.016701 0.016286 0.015866 0.015393 0.014925 0.014408 0.013903 0.013353 0.012824 0.012254 0.011712 0.011135 0.010591 0.010017 0.009481 0.008921 0.008401 0.007862 0.007366 0.006856 0.006389 0.005911 0.005476 0.005034 0.004634 0.004229 0.003863 0.003494 0.003161 0.002827 0.002524 0.002221 0.001945 0.001669 0.001414 0.001160 0.000921 0.000683 0.000454 0.000225 0.000000 
0.000000 0.000240 0.000480 0.000727 0.000974 0.001234 0.001496 0.001776 0.002058 0.002363 0.002671 0.003008 0.003345 0.003717 0.004088 0.004498 0.004905 0.005354 0.005798 0.006285 0.006764 0.007289 0.007801 0.008358 0.008898 0.009481 0.010043 0.010645 0.011220 0.011831 0.012409 0.013019 0.013589 0.014184 0.014734 0.015302 0.015820 0.016346 0.016819 0.017291 0.017707 0.018113 0.018461 0.018789 0.019058 0.019300 0.019484 0.019632 0.019725 0.019775 0.019775 0.019725 0.019632 0.019484 0.019300 0.019058 0.018789 0.018461 0.018113 0.017707 0.017291 0.016819 0.016346 0.015820 0.015302 0.014734 0.014184 0.013589 0.013019 0.012409 0.011831 0.011220 0.010645 0.010043 0.009481 0.008898 0.008358 0.007801 0.007289 0.006764 0.006285 0.005798 0.005354 0.004905 0.004498 0.004088 0.003717 0.003345 0.003008 0.002671 0.002363 0.002058 0.001776 0.001496 0.001234 0.000974 0.000727 0.000480 0.000240 0.000000 
0.000000 0.000253 0.000510 0.000767 0.001034 0.001303 0.001588 0.001874 0.002183 0.002495 0.002834 0.003175 0.003549 0.003924 0.004337 0.004749 0.005203 0.005654 0.006149 0.006638 0.007173 0.007699 0.008271 0.008829 0.009433 0.010017 0.010645 0.011248 0.011891 0.012503 0.013150 0.013760 0.014398 0.014993 0.015609 0.016177 0.016757 0.017284 0.017813 0.018286 0.018751 0.019157 0.019546 0.019874 0.020176 0.020417 0.020624 0.020771 0.020876 0.020926 0.020926 0.020876 0.020771 0.020624 0.020417 0.020176 0.019874 0.019546 0.019157 0.018751 0.018286 0.017813 0.017284 0.016757 0.016177 0.015609 0.014993 0.014398 0.013760 0.013150 0.012503 0.011891 0.011248 0.010645 0.010017 0.009433 0.008829 0.008271 0.007699 0.007173 0.006638 0.006149 0.005654 0.005203 0.004749 0.004337 0.003924 0.003549 0.003175 0.002834 0.002495 0.002183 0.001874 0.001588 0.001303 0.001034 0.000767 0.000510 0.000253 0.000000 
0.000000 0.000268 0.000537 0.000812 0.001089 0.001379 0.001672 0.001984 0.002299 0.002640 0.002984 0.003360 0.003738 0.004152 0.004568 0.005025 0.005481 0.005981 0.006478 0.007021 0.007558 0.008142 0.008715 0.009336 0.009941 0.010591 0.011220 0.011891 0.012534 0.013216 0.013863 0.014542 0.015181 0.015844 0.016460 0.017092 0.017673 0.018259 0.018789 0.019315 0.019781 0.020232 0.020622 0.020987 0.021289 0.021558 0.021764 0.021929 0.022034 0.022089 0.022089 0.022034 0.021929 0.021764 0.021558 0.021289 0.020987 0.020622 0.020232 0.019781 0.019315 0.018789 0.018259 0.017673 0.017092 0.016460 0.015844 0.015181 0.014542 0.013863 0.013216 0.012534 0.011891 0.011220 0.010591 0.009941 0.009336 0.008715 0.008142 0.007558 0.007021 0.006478 0.005981 0.005481 0.005025 0.004568 0.004152 0.003738 0.003360 0.002984 0.002640 0.002299 0.001984 0.001672 0.001379 0.001089 0.000812 0.000537 0.000268 0.000000 
0.000000 0.000282 0.000567 0.000853 0.001149 0.001449 0.001765 0.002084 0.002427 0.002774 0.003150 0.003530 0.003945 0.004363 0.004821 0.005280 0.005783 0.006285 0.006834 0.007379 0.007973 0.008558 0.009193 0.009814 0.010484 0.011135 0.011831 0.012503 0.013216 0.013898 0.014615 0.015294 0.016002 0.016665 0.017348 0.017981 0.018624 0.019210 0.019797 0.020324 0.020840 0.021292 0.021723 0.022089 0.022424 0.022693 0.022921 0.023086 0.023202 0.023257 0.023257 0.023202 0.023086 0.022921 0.022693 0.022424 0.022089 0.021723 0.021292 0.020840 0.020324 0.019797 0.019210 0.018624 0.017981 0.017348 0.016665 0.016002 0.015294 0.014615 0.013898 0.013216 0.012503 0.011831 0.011135 0.010484 0.009814 0.009193 0.008558 0.007973 0.007379 0.006834 0.006285 0.005783 0.005280 0.004821 0.004363 0.003945 0.003530 0.003150 0.002774 0.002427 0.002084 0.001765 0.001449 0.001149 0.000853 0.000567 0.000282 0.000000 
0.000000 0.000296 0.000594 0.000898 0.001204 0.001525 0.001849 0.002194 0.002543 0.002920 0.003301 0.003716 0.004135 0.004592 0.005053 0.005557 0.006062 0.006614 0.007165 0.007765 0.008360 0.009004 0.009640 0.010324 0.010995 0.011712 0.012409 0.013150 0.013863 0.014615 0.015332 0.016081 0.016789 0.017521 0.018204 0.018902 0.019545 0.020192 0.020779 0.021359 0.021876 0.022374 0.022806 0.023209 0.023544 0.023840 0.024069 0.024250 0.024366 0.024427 0.024427 0.024366 0.024250 0.024069 0.023840 0.023544 0.023209 0.022806 0.022374 0.021876 0.021359 0.020779 0.020192 0.019545 0.018902 0.018204 0.017521 0.016789 0.016081 0.015332 0.014615 0.013863 0.013150 0.012409 0.011712 0.010995 0.010324 0.009640 0.009004 0.008360 0.007765 0.007165 0.006614 0.006062 0.005557 0.005053 0.004592 0.004135 0.003716 0.003301 0.002920 0.002543 0.002194 0.001849 0.001525 0.001204 0.000898 0.000594 0.000296 0.000000 
0.000000 0.000310 0.000623 0.000939 0.001265 0.001594 0.001942 0.002294 0.002671 0.003053 0.003466 0.003885 0.004341 0.004802 0.005305 0.005811 0.006364 0.006918 0.007520 0.008121 0.008773 0.009419 0.010115 0.010801 0.011536 0.012254 0.013019 0.013760 0.014542 0.015294 0.016081 0.016831 0.017608 0.018339 0.019089 0.019787 0.020492 0.021140 0.021784 0.022365 0.022931 0.023430 0.023903 0.024306 0.024674 0.024970 0.025221 0.025403 0.025530 0.025591 0.025591 0.025530 0.025403 0.025221 0.024970 0.024674 0.024306 0.023903 0.023430 0.022931 0.022365 0.021784 0.021140 0.020492 0.019787 0.019089 0.018339 0.017608 0.016831 0.016081 0.015294 0.014542 0.013760 0.013019 0.012254 0.011536 0.010801 0.010115 0.009419 0.008773 0.008121 0.007520 0.006918 0.006364 0.005811 0.005305 0.004802 0.004341 0.003885 0.003466 0.003053 0.002671 0.002294 0.001942 0.001594 0.001265 0.000939 0.000623 0.000310 0.000000 
0.000000 0.000325 0.000650 0.000983 0.001319 0.001670 0.002025 0.002403 0.002786 0.003197 0.003616 0.004069 0.004528 0.005028 0.005534 0.006085 0.006639 0.007242 0.007847 0.008502 0.009155 0.009859 0.010557 0.011305 0.012040 0.012824 0.013589 0.014398 0.015181 0.016002 0.016789 0.017608 0.018385 0.019184 0.019934 0.020695 0.021401 0.022108 0.022752 0.023386 0.023953 0.024497 0.024971 0.025411 0.025779 0.026103 0.026354 0.026552 0.026679 0.026746 0.026746 0.026679 0.026552 0.026354 0.026103 0.025779 0.025411 0.024971 0.024497 0.023953 0.023386 0.022752 0.022108 0.021401 0.020695 0.019934 0.019184 0.018385 0.017608 0.016789 0.016002 0.015181 0.014398 0.013589 0.012824 0.012040 0.011305 0.010557 0.009859 0.009155 0.008502 0.007847 0.007242 0.006639 0.006085 0.005534 0.005028 0.004528 0.004069 0.003616 0.003197 0.002786 0.002403 0.002025 0.001670 0.001319 0.000983 0.000650 0.000325 0.000000 
0.000000 0.000338 0.000679 0.001023 0.001378 0.001738 0.002116 0.002500 0.002910 0.003327 0.003777 0.004234 0.004730 0.005233 0.005780 0.006333 0.006933 0.007538 0.008194 0.008850 0.009558 0.010264 0.011021 0.011770 0.012569 0.013353 0.014184 0.014993 0.015844 0.016665 0.017521 0.018339 0.019184 0.019983 0.020797 0.021560 0.022326 0.023033 0.023733 0.024368 0.024983 0.025528 0.026042 0.026483 0.026882 0.027206 0.027479 0.027677 0.027815 0.027882 0.027882 0.027815 0.027677 0.027479 0.027206 0.026882 0.026483 0.026042 0.025528 0.024983 0.024368 0.023733 0.023033 0.022326 0.021560 0.020797 0.019983 0.019184 0.018339 0.017521 0.016665 0.015844 0.014993 0.014184 0.013353 0.012569 0.011770 0.011021 0.010264 0.009558 0.008850 0.008194 0.007538 0.006933 0.006333 0.005780 0.005233 0.004730 0.004234 0.003777 0.003327 0.002910 0.002500 0.002116 0.001738 0.001378 0.001023 0.000679 0.000338 0.000000 
0.000000 0.000352 0.000705 0.001066 0.001431 0.001811 0.002196 0.002605 0.003021 0.003467 0.003921 0.004411 0.004911 0.005452 0.006001 0.006597 0.007199 0.007852 0.008509 0.009217 0.009927 0.010689 0.011447 0.012256 0.013055 0.013903 0.014734 0.015609 0.016460 0.017348 0.018204 0.019089 0.019934 0.020797 0.021613 0.022436 0.023203 0.023968 0.024668 0.025354 0.025969 0.026558 0.027073 0.027549 0.027949 0.028299 0.028572 0.028786 0.028924 0.028996 0.028996 0.028924 0.028786 0.028572 0.028299 0.027949 0.027549 0.027073 0.026558 0.025969 0.025354 0.024668 0.023968 0.023203 0.022436 0.021613 0.020797 0.019934 0.019089 0.018204 0.017348 0.016460 0.015609 0.014734 0.013903 0.013055 0.012256 0.011447 0.010689 0.009927 0.009217 0.008509 0.007852 0.007199 0.006597 0.006001 0.005452 0.004911 0.004411 0.003921 0.003467 0.003021 0.002605 0.002196 0.001811 0.001431 0.001066 0.000705 0.000352 0.000000 
0.000000 0.000364 0.000733 0.001104 0.001487 0.001875 0.002283 0.002698 0.003140 0.003590 0.004075 0.004569 0.005103 0.005647 0.006235 0.006833 0.007480 0.008134 0.008840 0.009550 0.010312 0.011075 0.011890 0.012700 0.013559 0.014408 0.015302 0.016177 0.017092 0.017981 0.018902 0.019787 0.020695 0.021560 0.022436 0.023261 0.024086 0.024850 0.025604 0.026289 0.026952 0.027541 0.028095 0.028571 0.029001 0.029351 0.029645 0.029859 0.030008 0.030080 0.030080 0.030008 0.029859 0.029645 0.029351 0.029001 0.028571 0.028095 0.027541 0.026952 0.026289 0.025604 0.024850 0.024086 0.023261 0.022436 0.021560 0.020695 0.019787 0.018902 0.017981 0.017092 0.016177 0.015302 0.014408 0.013559 0.012700 0.011890 0.011075 0.010312 0.009550 0.008840 0.008134 0.007480 0.006833 0.006235 0.005647 0.005103 0.004569 0.004075 0.003590 0.003140 0.002698 0.002283 0.001875 0.001487 0.001104 0.000733 0.000364 0.000000 
0.000000 0.000378 0.000757 0.001145 0.001536 0.001944 0.002359 0.002797 0.003244 0.003722 0.004210 0.004736 0.005273 0.005853 0.006444 0.007082 0.007730 0.008429 0.009136 0.009895 0.010659 0.011475 0.012290 0.013157 0.014017 0.014925 0.015820 0.016757 0.017673 0.018624 0.019545 0.020492 0.021401 0.022326 0.023203 0.024086 0.024911 0.025730 0.026483 0.027217 0.027880 0.028511 0.029065 0.029575 0.030004 0.030379 0.030673 0.030902 0.031051 0.031129 0.031129 0.031051 0.030902 0.030673 0.030379 0.030004 0.029575 0.029065 0.028511 0.027880 0.027217 0.026483 0.025730 0.024911 0.024086 0.023203 0.022326 0.021401 0.020492 0.019545 0.018624 0.017673 0.016757 0.015820 0.014925 0.014017 0.013157 0.012290 0.011475 0.010659 0.009895 0.009136 0.008429 0.007730 0.007082 0.006444 0.005853 0.005273 0.004736 0.004210 0.003722 0.003244 0.002797 0.002359 0.001944 0.001536 0.001145 0.000757 0.000378 0.000000 
0.000000 0.000389 0.000783 0.001180 0.001589 0.002004 0.002439 0.002883 0.003354 0.003837 0.004353 0.004882 0.005451 0.006034 0.006661 0.007302 0.007991 0.008691 0.009443 0.010203 0.011016 0.011833 0.012701 0.013569 0.014485 0.015393 0.016346 0.017284 0.018259 0.019210 0.020192 0.021140 0.022108 0.023033 0.023968 0.024850 0.025730 0.026548 0.027351 0.028086 0.028792 0.029422 0.030012 0.030522 0.030980 0.031355 0.031668 0.031898 0.032056 0.032134 0.032134 0.032056 0.031898 0.031668 0.031355 0.030980 0.030522 0.030012 0.029422 0.028792 0.028086 0.027351 0.026548 0.025730 0.024850 0.023968 0.023033 0.022108 0.021140 0.020192 0.019210 0.018259 0.017284 0.016346 0.015393 0.014485 0.013569 0.012701 0.011833 0.011016 0.010203 0.009443 0.008691 0.007991 0.007302 0.006661 0.006034 0.005451 0.004882 0.004353 0.003837 0.003354 0.002883 0.002439 0.002004 0.001589 0.001180 0.000783 0.000389 0.000000 
0.000000 0.000402 0.000805 0.001217 0.001634 0.002067 0.002508 0.002973 0.003449 0.003956 0.004477 0.005034 0.005607 0.006222 0.006851 0.007528 0.008219 0.008961 0.009714 0.010519 0.011333 0.012198 0.013067 0.013986 0.014903 0.015866 0.016819 0.017813 0.018789 0.019797 0.020779 0.021784 0.022752 0.023733 0.024668 0.025604 0.026483 0.027351 0.028154 0.028933 0.029639 0.030308 0.030898 0.031439 0.031897 0.032294 0.032607 0.032851 0.033009 0.033091 0.033091 0.033009 0.032851 0.032607 0.032294 0.031897 0.031439 0.030898 0.030308 0.029639 0.028933 0.028154 0.027351 0.026483 0.025604 0.024668 0.023733 0.022752 0.021784 0.020779 0.019797 0.018789 0.017813 0.016819 0.015866 0.014903 0.013986 0.013067 0.012198 0.011333 0.010519 0.009714 0.008961 0.008219 0.007528 0.006851 0.006222 0.005607 0.005034 0.004477 0.003956 0.003449 0.002973 0.002508 0.002067 0.001634 0.001217 0.000805 0.000402 0.000000 
0.000000 0.000412 0.000828 0.001248 0.001681 0.002120 0.002580 0.003050 0.003548 0.004059 0.004605 0.005166 0.005767 0.006384 0.007047 0.007725 0.008453 0.009196 0.009989 0.010795 0.011653 0.012519 0.013436 0.014356 0.015322 0.016286 0.017291 0.018286 0.019315 0.020324 0.021359 0.022365 0.023386 0.024368 0.025354 0.026289 0.027217 0.028086 0.028933 0.029712 0.030457 0.031125 0.031748 0.032289 0.032772 0.033170 0.033500 0.033743 0.033911 0.033993 0.033993 0.033911 0.033743 0.033500 0.033170 0.032772 0.032289 0.031748 0.031125 0.030457 0.029712 0.028933 0.028086 0.027217 0.026289 0.025354 0.024368 0.023386 0.022365 0.021359 0.020324 0.019315 0.018286 0.017291 0.016286 0.015322 0.014356 0.013436 0.012519 0.011653 0.010795 0.009989 0.009196 0.008453 0.007725 0.007047 0.006384 0.005767 0.005166 0.004605 0.004059 0.003548 0.003050 0.002580 0.002120 0.001681 0.001248 0.000828 0.000412 0.000000 
0.000000 0.000423 0.000848 0.001281 0.001720 0.002175 0.002641 0.003130 0.003632 0.004165 0.004714 0.005300 0.005903 0.006549 0.007214 0.007925 0.008654 0.009433 0.010227 0.011073 0.011932 0.012840 0.013758 0.014723 0.015690 0.016701 0.017707 0.018751 0.019781 0.020840 0.021876 0.022931 0.023953 0.024983 0.025969 0.026952 0.027880 0.028792 0.029639 0.030457 0.031202 0.031904 0.032527 0.033095 0.033578 0.033995 0.034326 0.034581 0.034749 0.034835 0.034835 0.034749 0.034581 0.034326 0.033995 0.033578 0.033095 0.032527 0.031904 0.031202 0.030457 0.029639 0.028792 0.027880 0.026952 0.025969 0.024983 0.023953 0.022931 0.021876 0.020840 0.019781 0.018751 0.017707 0.016701 0.015690 0.014723 0.013758 0.012840 0.011932 0.011073 0.010227 0.009433 0.008654 0.007925 0.007214 0.006549 0.005903 0.005300 0.004714 0.004165 0.003632 0.003130 0.002641 0.002175 0.001720 0.001281 0.000848 0.000423 0.000000 
0.000000 0.000432 0.000868 0.001308 0.001760 0.002222 0.002702 0.003196 0.003717 0.004253 0.004824 0.005412 0.006041 0.006689 0.007381 0.008094 0.008855 0.009634 0.010464 0.011310 0.012207 0.013116 0.014074 0.015040 0.016050 0.017062 0.018113 0.019157 0.020232 0.021292 0.022374 0.023430 0.024497 0.025528 0.026558 0.027541 0.028511 0.029422 0.030308 0.031125 0.031904 0.032606 0.033257 0.033825 0.034330 0.034748 0.035092 0.035348 0.035523 0.035609 0.035609 0.035523 0.035348 0.035092 0.034748 0.034330 0.033825 0.033257 0.032606 0.031904 0.031125 0.030308 0.029422 0.028511 0.027541 0.026558 0.025528 0.024497 0.023430 0.022374 0.021292 0.020232 0.019157 0.018113 0.017062 0.016050 0.015040 0.014074 0.013116 0.012207 0.011310 0.010464 0.009634 0.008855 0.008094 0.007381 0.006689 0.006041 0.005412 0.004824 0.004253 0.003717 0.003196 0.002702 0.002222 0.001760 0.001308 0.000868 0.000432 0.000000 
0.000000 0.000441 0.000884 0.001335 0.001793 0.002268 0.002753 0.003262 0.003787 0.004341 0.004915 0.005524 0.006155 0.006827 0.007521 0.008261 0.009023 0.009832 0.010663 0.011542 0.012439 0.013385 0.014343 0.015347 0.016358 0.017409 0.018461 0.019546 0.020622 0.021723 0.022806 0.023903 0.024971 0.026042 0.027073 0.028095 0.029065 0.030012 0.030898 0.031748 0.032527 0.033257 0.033908 0.034498 0.035003 0.035437 0.035782 0.036048 0.036223 0.036313 0.036313 0.036223 0.036048 0.035782 0.035437 0.035003 0.034498 0.033908 0.033257 0.032527 0.031748 0.030898 0.030012 0.029065 0.028095 0.027073 0.026042 0.024971 0.023903 0.022806 0.021723 0.020622 0.019546 0.018461 0.017409 0.016358 0.015347 0.014343 0.013385 0.012439 0.011542 0.010663 0.009832 0.009023 0.008261 0.007521 0.006827 0.006155 0.005524 0.004915 0.004341 0.003787 0.003262 0.002753 0.002268 0.001793 0.001335 0.000884 0.000441 0.000000 
0.000000 0.000448 0.000900 0.001357 0.001826 0.002305 0.002803 0.003316 0.003855 0.004413 0.005004 0.005616 0.006266 0.006940 0.007657 0.008398 0.009185 0.009996 0.010854 0.011734 0.012662 0.013608 0.014599 0.015603 0.016649 0.017701 0.018789 0.019874 0.020987 0.022089 0.023209 0.024306 0.025411 0.026483 0.027549 0.028571 0.029575 0.030522 0.031439 0.032289 0.033095 0.033825 0.034498 0.035089 0.035611 0.036046 0.036403 0.036668 0.036849 0.036939 0.036939 0.036849 0.036668 0.036403 0.036046 0.035611 0.035089 0.034498 0.033825 0.033095 0.032289 0.031439 0.030522 0.029575 0.028571 0.027549 0.026483 0.025411 0.024306 0.023209 0.022089 0.020987 0.019874 0.018789 0.017701 0.016649 0.015603 0.014599 0.013608 0.012662 0.011734 0.010854 0.009996 0.009185 0.008398 0.007657 0.006940 0.006266 0.005616 0.005004 0.004413 0.003855 0.003316 0.002803 0.002305 0.001826 0.001357 0.000900 0.000448 0.000000 
