0.000000 0.000000 0.000000 0.000000 0.000000 0.000000 0.000000 0.000000 0.000000 0.000000 0.000000 0.000000 0.000000 0.000000 0.000000 0.000000 0.000000 0.000000 0.000000 0.000000 0.000000 0.000000 0.000000 0.000000 0.000000 0.000000 0.000000 0.000000 0.000000 0.000000 0.000000 0.000000 0.000000 0.000000 0.000000 0.000000 0.000000 0.000000 0.000000 0.000000 0.000000 0.000000 0.000000 0.000000 0.000000 0.000000 0.000000 0.000000 0.000000 0.000000 0.000000 0.000000 0.000000 0.000000 0.000000 0.000000 0.000000 0.000000 0.000000 0.000000 0.000000 0.000000 0.000000 0.000000 0.000000 0.000000 0.000000 0.000000 0.000000 0.000000 0.000000 0.000000 0.000000 0.000000 0.000000 0.000000 0.000000 0.000000 0.000000 0.000000 0.000000 0.000000 0.000000 0.000000 0.000000 0.000000 0.000000 0.000000 0.000000 0.000000 0.000000 0.000000 0.000000 0.000000 0.000000 0.000000 0.000000 0.000000 0.000000 0.000000 
0.000000 0.000002 0.000004 0.000006 0.000008 0.000010 0.000012 0.000015 0.000018 0.000021 0.000024 0.000027 0.000031 0.000035 0.000040 0.000045 0.000051 0.000056 0.000063 0.000069 0.000076 0.000084 0.000092 0.000100 0.000109 0.000118 0.000128 0.000138 0.000149 0.000158 0.000170 0.000180 0.000191 0.000201 0.000213 0.000223 0.000234 0.000243 0.000254 0.000262 0.000271 0.000279 0.000287 0.000293 0.000299 0.000304 0.000308 0.000311 0.000313 0.000314 0.000314 0.000313 0.000311 0.000308 0.000304 0.000299 0.000293 0.000287 0.000279 0.000271 0.000262 0.000254 0.000243 0.000234 0.000223 0.000213 0.000201 0.000191 0.000180 0.000170 0.000158 0.000149 0.000138 0.000128 0.000118 0.000109 0.000100 0.000092 0.000084 0.000076 0.000069 0.000063 0.000056 0.000051 0.000045 0.000040 0.000035 0.000031 0.000027 0.000024 0.000021 0.000018 0.000015 0.000012 0.000010 0.000008 0.000006 0.000004 0.000002 0.000000 
0.000000 0.000004 0.000008 0.000012 0.000016 0.000020 0.000025 0.000030 0.000035 0.000042 0.000048 0.000055 0.000063 0.000072 0.000080 0.000091 0.000101 0.000114 0.000125 0.000140 0.000153 0.000170 0.000185 0.000203 0.000219 0.000239 0.000257 0.000279 0.000298 0.000321 0.000341 0.000364 0.000384 0.000408 0.000428 0.000451 0.000470 0.000492 0.000510 0.000530 0.000546 0.000563 0.000577 0.000591 0.000602 0.000613 0.000620 0.000627 0.000631 0.000633 0.000633 0.000631 0.000627 0.000620 0.000613 0.000602 0.000591 0.000577 0.000563 0.000546 0.000530 0.000510 0.000492 0.000470 0.000451 0.000428 0.000408 0.000384 0.000364 0.000341 0.000321 0.000298 0.000279 0.000257 0.000239 0.000219 0.000203 0.000185 0.000170 0.000153 0.000140 0.000125 0.000114 0.000101 0.000091 0.000080 0.000072 0.000063 0.000055 0.000048 0.000042 0.000035 0.000030 0.000025 0.000020 0.000016 0.000012 0.000008 0.000004 0.000000 
0.000000 0.000006 0.000012 0.000018 0.000024 0.000031 0.000038 0.000045 0.000054 0.000063 0.000073 0.000084 0.000096 0.000108 0.000123 0.000137 0.000155 0.000172 0.000192 0.000211 0.000234 0.000256 0.000282 0.000306 0.000335 0.000362 0.000393 0.000422 0.000455 0.000485 0.000520 0.000551 0.000586 0.000617 0.000652 0.000683 0.000717 0.000745 0.000777 0.000803 0.000832 0.000855 0.000879 0.000897 0.000916 0.000930 0.000943 0.000952 0.000959 0.000961 0.000961 0.000959 0.000952 0.000943 0.000930 0.000916 0.000897 0.000879 0.000855 0.000832 0.000803 0.000777 0.000745 0.000717 0.000683 0.000652 0.000617 0.000586 0.000551 0.000520 0.000485 0.000455 0.000422 0.000393 0.000362 0.000335 0.000306 0.000282 0.000256 0.000234 0.000211 0.000192 0.000172 0.000155 0.000137 0.000123 0.000108 0.000096 0.000084 0.000073 0.000063 0.000054 0.000045 0.000038 0.000031 0.000024 0.000018 0.000012 0.000006 0.000000 
0.000000 0.000008 0.000016 0.000024 0.000033 0.000042 0.000051 0.000062 0.000073 0.000086 0.000099 0.000115 0.000130 0.000148 0.000166 0.000188 0.000209 0.000235 0.000259 0.000288 0.000316 0.000350 0.000381 0.000418 0.000453 0.000494 0.000531 0.000575 0.000615 0.000661 0.000703 0.000751 0.000793 0.000841 0.000883 0.000930 0.000970 0.001015 0.001052 0.001093 0.001127 0.001162 0.001191 0.001220 0.001243 0.001264 0.001280 0.001293 0.001301 0.001305 0.001305 0.001301 0.001293 0.001280 0.001264 0.001243 0.001220 0.001191 0.001162 0.001127 0.001093 0.001052 0.001015 0.000970 0.000930 0.000883 0.000841 0.000793 0.000751 0.000703 0.000661 0.000615 0.000575 0.000531 0.000494 0.000453 0.000418 0.000381 0.000350 0.000316 0.000288 0.000259 0.000235 0.000209 0.000188 0.000166 0.000148 0.000130 0.000115 0.000099 0.000086 0.000073 0.000062 0.000051 0.000042 0.000033 0.000024 0.000016 0.000008 0.000000 
0.000000 0.000010 0.000020 0.000031 0.000042 0.000053 0.000066 0.000079 0.000094 0.000109 0.000128 0.000145 0.000167 0.000188 0.000214 0.000239 0.000269 0.000298 0.000333 0.000366 0.000407 0.000444 0.000490 0.000532 0.000582 0.000628 0.000683 0.000732 0.000790 0.000842 0.000902 0.000956 0.001017 0.001071 0.001132 0.001185 0.001244 0.001294 0.001349 0.001394 0.001444 0.001484 0.001525 0.001558 0.001591 0.001615 0.001638 0.001652 0.001664 0.001669 0.001669 0.001664 0.001652 0.001638 0.001615 0.001591 0.001558 0.001525 0.001484 0.001444 0.001394 0.001349 0.001294 0.001244 0.001185 0.001132 0.001071 0.001017 0.000956 0.000902 0.000842 0.000790 0.000732 0.000683 0.000628 0.000582 0.000532 0.000490 0.000444 0.000407 0.000366 0.000333 0.000298 0.000269 0.000239 0.000214 0.000188 0.000167 0.000145 0.000128 0.000109 0.000094 0.000079 0.000066 0.000053 0.000042 0.000031 0.000020 0.000010 0.000000 
0.000000 0.000012 0.000025 0.000038 0.000051 0.000066 0.000081 0.000098 0.000115 0.000136 0.000156 0.000181 0.000204 0.000234 0.000262 0.000296 0.000329 0.000370 0.000408 0.000455 0.000499 0.000551 0.000601 0.000660 0.000714 0.000779 0.000837 0.000907 0.000969 0.001043 0.001108 0.001183 0.001250 0.001326 0.001391 0.001466 0.001529 0.001600 0.001659 0.001723 0.001776 0.001832 0.001877 0.001923 0.001959 0.001993 0.002017 0.002038 0.002051 0.002058 0.002058 0.002051 0.002038 0.002017 0.001993 0.001959 0.001923 0.001877 0.001832 0.001776 0.001723 0.001659 0.001600 0.001529 0.001466 0.001391 0.001326 0.001250 0.001183 0.001108 0.001043 0.000969 0.000907 0.000837 0.000779 0.000714 0.000660 0.000601 0.000551 0.000499 0.000455 0.000408 0.000370 0.000329 0.000296 0.000262 0.000234 0.000204 0.000181 0.000156 0.000136 0.000115 0.000098 0.000081 0.000066 0.000051 0.000038 0.000025 0.000012 0.000000 
0.000000 0.000015 0.000030 0.000045 0.000062 0.000079 0.000098 0.000117 0.000140 0.000162 0.000189 0.000216 0.000248 0.000279 0.000318 0.000354 0.000399 0.000442 0.000495 0.000544 0.000604 0.000660 0.000727 0.000789 0.000864 0.000932 0.001013 0.001086 0.001172 0.001249 0.001339 0.001418 0.001510 0.001589 0.001680 0.001758 0.001845 0.001920 0.002001 0.002069 0.002142 0.002201 0.002263 0.002311 0.002360 0.002396 0.002429 0.002451 0.002469 0.002476 0.002476 0.002469 0.002451 0.002429 0.002396 0.002360 0.002311 0.002263 0.002201 0.002142 0.002069 0.002001 0.001920 0.001845 0.001758 0.001680 0.001589 0.001510 0.001418 0.001339 0.001249 0.001172 0.001086 0.001013 0.000932 0.000864 0.000789 0.000727 0.000660 0.000604 0.000544 0.000495 0.000442 0.000399 0.000354 0.000318 0.000279 0.000248 0.000216 0.000189 0.000162 0.000140 0.000117 0.000098 0.000079 0.000062 0.000045 0.000030 0.000015 0.000000 
0.000000 0.000018 0.000035 0.000054 0.000073 0.000094 0.000115 0.000140 0.000164 0.000194 0.000222 0.000257 0.000291 0.000333 0.000373 0.000422 0.000469 0.000527 0.000581 0.000648 0.000710 0.000785 0.000855 0.000939 0.001016 0.001108 0.001192 0.001291 0.001380 0.001484 0.001577 0.001685 0.001779 0.001887 0.001981 0.002086 0.002177 0.002277 0.002361 0.002453 0.002529 0.002608 0.002673 0.002738 0.002788 0.002837 0.002872 0.002902 0.002919 0.002929 0.002929 0.002919 0.002902 0.002872 0.002837 0.002788 0.002738 0.002673 0.002608 0.002529 0.002453 0.002361 0.002277 0.002177 0.002086 0.001981 0.001887 0.001779 0.001685 0.001577 0.001484 0.001380 0.001291 0.001192 0.001108 0.001016 0.000939 0.000855 0.000785 0.000710 0.000648 0.000581 0.000527 0.000469 0.000422 0.000373 0.000333 0.000291 0.000257 0.000222 0.000194 0.000164 0.000140 0.000115 0.000094 0.000073 0.000054 0.000035 0.000018 0.000000 
0.000000 0.000021 0.000042 0.000063 0.000086 0.000109 0.000136 0.000162 0.000194 0.000224 0.000262 0.000298 0.000343 0.000386 0.000439 0.000490 0.000552 0.000611 0.000684 0.000752 0.000835 0.000912 0.001005 0.001091 0.001194 0.001288 0.001400 0.001501 0.001620 0.001727 0.001850 0.001960 0.002086 0.002197 0.002321 0.002430 0.002550 0.002653 0.002765 0.002859 0.002960 0.003042 0.003127 0.003194 0.003261 0.003311 0.003357 0.003387 0.003411 0.003421 0.003421 0.003411 0.003387 0.003357 0.003311 0.003261 0.003194 0.003127 0.003042 0.002960 0.002859 0.002765 0.002653 0.002550 0.002430 0.002321 0.002197 0.002086 0.001960 0.001850 0.001727 0.001620 0.001501 0.001400 0.001288 0.001194 0.001091 0.001005 0.000912 0.000835 0.000752 0.000684 0.000611 0.000552 0.000490 0.000439 0.000386 0.000343 0.000298 0.000262 0.000224 0.000194 0.000162 0.000136 0.000109 0.000086 0.000063 0.000042 0.000021 0.000000 
0.000000 0.000024 0.000048 0.000073 0.000099 0.000128 0.000156 0.000189 0.000222 0.000262 0.000301 0.000348 0.000394 0.000450 0.000504 0.000571 0.000634 0.000712 0.000786 0.000875 0.000960 0.001061 0.001156 0.001269 0.001374 0.001498 0.001612 0.001745 0.001866 0.002006 0.002132 0.002276 0.002405 0.002550 0.002677 0.002819 0.002942 0.003077 0.003191 0.003314 0.003417 0.003525 0.003611 0.003700 0.003768 0.003833 0.003880 0.003920 0.003944 0.003958 0.003958 0.003944 0.003920 0.003880 0.003833 0.003768 0.003700 0.003611 0.003525 0.003417 0.003314 0.003191 0.003077 0.002942 0.002819 0.002677 0.002550 0.002405 0.002276 0.002132 0.002006 0.001866 0.001745 0.001612 0.001498 0.001374 0.001269 0.001156 0.001061 0.000960 0.000875 0.000786 0.000712 0.000634 0.000571 0.000504 0.000450 0.000394 0.000348 0.000301 0.000262 0.000222 0.000189 0.000156 0.000128 0.000099 0.000073 0.000048 0.000024 0.000000 
0.000000 0.000027 0.000055 0.000084 0.000115 0.000145 0.000181 0.000216 0.000257 0.000298 0.000348 0.000396 0.000455 0.000513 0.000583 0.000651 0.000733 0.000812 0.000908 0.000999 0.001108 0.001211 0.001334 0.001449 0.001585 0.001711 0.001859 0.001994 0.002151 0.002293 0.002457 0.002603 0.002770 0.002917 0.003082 0.003226 0.003386 0.003523 0.003671 0.003796 0.003929 0.004038 0.004151 0.004241 0.004329 0.004396 0.004457 0.004497 0.004529 0.004542 0.004542 0.004529 0.004497 0.004457 0.004396 0.004329 0.004241 0.004151 0.004038 0.003929 0.003796 0.003671 0.003523 0.003386 0.003226 0.003082 0.002917 0.002770 0.002603 0.002457 0.002293 0.002151 0.001994 0.001859 0.001711 0.001585 0.001449 0.001334 0.001211 0.001108 0.000999 0.000908 0.000812 0.000733 0.000651 0.000583 0.000513 0.000455 0.000396 0.000348 0.000298 0.000257 0.000216 0.000181 0.000145 0.000115 0.000084 0.000055 0.000027 0.000000 
0.000000 0.000031 0.000063 0.000096 0.000130 0.000167 0.000204 0.000248 0.000291 0.000343 0.000394 0.000455 0.000516 0.000589 0.000660 0.000747 0.000831 0.000932 0.001029 0.001146 0.001257 0.001389 0.001514 0.001662 0.001799 0.001961 0.002110 0.002284 0.002443 0.002626 0.002791 0.002980 0.003148 0.003337 0.003504 0.003690 0.003851 0.004027 0.004177 0.004338 0.004472 0.004613 0.004727 0.004842 0.004931 0.005017 0.005078 0.005131 0.005162 0.005180 0.005180 0.005162 0.005131 0.005078 0.005017 0.004931 0.004842 0.004727 0.004613 0.004472 0.004338 0.004177 0.004027 0.003851 0.003690 0.003504 0.003337 0.003148 0.002980 0.002791 0.002626 0.002443 0.002284 0.002110 0.001961 0.001799 0.001662 0.001514 0.001389 0.001257 0.001146 0.001029 0.000932 0.000831 0.000747 0.000660 0.000589 0.000516 0.000455 0.000394 0.000343 0.000291 0.000248 0.000204 0.000167 0.000130 0.000096 0.000063 0.000031 0.000000 
0.000000 0.000035 0.000072 0.000108 0.000148 0.000188 0.000234 0.000279 0.000333 0.000386 0.000450 0.000513 0.000589 0.000664 0.000754 0.000842 0.000949 0.001051 0.001175 0.001292 0.001434 0.001567 0.001726 0.001875 0.002051 0.002214 0.002404 0.002579 0.002782 0.002966 0.003177 0.003367 0.003582 0.003773 0.003986 0.004173 0.004378 0.004556 0.004747 0.004910 0.005081 0.005223 0.005368 0.005484 0.005598 0.005684 0.005763 0.005816 0.005856 0.005874 0.005874 0.005856 0.005816 0.005763 0.005684 0.005598 0.005484 0.005368 0.005223 0.005081 0.004910 0.004747 0.004556 0.004378 0.004173 0.003986 0.003773 0.003582 0.003367 0.003177 0.002966 0.002782 0.002579 0.002404 0.002214 0.002051 0.001875 0.001726 0.001567 0.001434 0.001292 0.001175 0.001051 0.000949 0.000842 0.000754 0.000664 0.000589 0.000513 0.000450 0.000386 0.000333 0.000279 0.000234 0.000188 0.000148 0.000108 0.000072 0.000035 0.000000 
0.000000 0.000040 0.000080 0.000123 0.000166 0.000214 0.000262 0.000318 0.000373 0.000439 0.000504 0.000583 0.000660 0.000754 0.000846 0.000957 0.001064 0.001194 0.001318 0.001467 0.001609 0.001778 0.001938 0.002127 0.002303 0.002510 0.002701 0.002923 0.003127 0.003361 0.003573 0.003813 0.004029 0.004271 0.004485 0.004722 0.004929 0.005153 0.005346 0.005551 0.005724 0.005903 0.006049 0.006196 0.006311 0.006420 0.006499 0.006566 0.006606 0.006629 0.006629 0.006606 0.006566 0.006499 0.006420 0.006311 0.006196 0.006049 0.005903 0.005724 0.005551 0.005346 0.005153 0.004929 0.004722 0.004485 0.004271 0.004029 0.003813 0.003573 0.003361 0.003127 0.002923 0.002701 0.002510 0.002303 0.002127 0.001938 0.001778 0.001609 0.001467 0.001318 0.001194 0.001064 0.000957 0.000846 0.000754 0.000660 0.000583 0.000504 0.000439 0.000373 0.000318 0.000262 0.000214 0.000166 0.000123 0.000080 0.000040 0.000000 
0.000000 0.000045 0.000091 0.000137 0.000188 0.000239 0.000296 0.000354 0.000422 0.000490 0.000571 0.000651 0.000747 0.000842 0.000957 0.001068 0.001203 0.001333 0.001490 0.001640 0.001818 0.001988 0.002189 0.002378 0.002600 0.002808 0.003048 0.003271 0.003527 0.003762 0.004028 0.004270 0.004541 0.004784 0.005054 0.005291 0.005551 0.005776 0.006019 0.006225 0.006442 0.006622 0.006805 0.006953 0.007097 0.007207 0.007306 0.007373 0.007424 0.007447 0.007447 0.007424 0.007373 0.007306 0.007207 0.007097 0.006953 0.006805 0.006622 0.006442 0.006225 0.006019 0.005776 0.005551 0.005291 0.005054 0.004784 0.004541 0.004270 0.004028 0.003762 0.003527 0.003271 0.003048 0.002808 0.002600 0.002378 0.002189 0.001988 0.001818 0.001640 0.001490 0.001333 0.001203 0.001068 0.000957 0.000842 0.000747 0.000651 0.000571 0.000490 0.000422 0.000354 0.000296 0.000239 0.000188 0.000137 0.000091 0.000045 0.000000 
0.000000 0.000051 0.000101 0.000155 0.000209 0.000269 0.000329 0.000399 0.000469 0.000552 0.000634 0.000733 0.000831 0.000949 0.001064 0.001203 0.001339 0.001501 0.001658 0.001845 0.002024 0.002236 0.002438 0.002674 0.002897 0.003155 0.003397 0.003675 0.003932 0.004225 0.004492 0.004794 0.005066 0.005369 0.005639 0.005936 0.006196 0.006478 0.006720 0.006978 0.007195 0.007420 0.007604 0.007788 0.007933 0.008070 0.008169 0.008253 0.008304 0.008332 0.008332 0.008304 0.008253 0.008169 0.008070 0.007933 0.007788 0.007604 0.007420 0.007195 0.006978 0.006720 0.006478 0.006196 0.005936 0.005639 0.005369 0.005066 0.004794 0.004492 0.004225 0.003932 0.003675 0.003397 0.003155 0.002897 0.002674 0.002438 0.002236 0.002024 0.001845 0.001658 0.001501 0.001339 0.001203 0.001064 0.000949 0.000831 0.000733 0.000634 0.000552 0.000469 0.000399 0.000329 0.000269 0.000209 0.000155 0.000101 0.000051 0.000000 
0.000000 0.000056 0.000114 0.000172 0.000235 0.000298 0.000370 0.000442 0.000527 0.000611 0.000712 0.000812 0.000932 0.001051 0.001194 0.001333 0.001501 0.001664 0.001858 0.002046 0.002268 0.002481 0.002730 0.002967 0.003243 0.003503 0.003802 0.004081 0.004399 0.004692 0.005024 0.005326 0.005664 0.005967 0.006302 0.006599 0.006922 0.007204 0.007505 0.007763 0.008033 0.008258 0.008486 0.008671 0.008850 0.008987 0.009110 0.009195 0.009258 0.009286 0.009286 0.009258 0.009195 0.009110 0.008987 0.008850 0.008671 0.008486 0.008258 0.008033 0.007763 0.007505 0.007204 0.006922 0.006599 0.006302 0.005967 0.005664 0.005326 0.005024 0.004692 0.004399 0.004081 0.003802 0.003503 0.003243 0.002967 0.002730 0.002481 0.002268 0.002046 0.001858 0.001664 0.001501 0.001333 0.001194 0.001051 0.000932 0.000812 0.000712 0.000611 0.000527 0.000442 0.000370 0.000298 0.000235 0.000172 0.000114 0.000056 0.000000 
0.000000 0.000063 0.000125 0.000192 0.000259 0.000333 0.000408 0.000495 0.000581 0.000684 0.000786 0.000908 0.001029 0.001175 0.001318 0.001490 0.001658 0.001858 0.002053 0.002284 0.002506 0.002768 0.003018 0.003310 0.003587 0.003906 0.004206 0.004549 0.004868 0.005229 0.005561 0.005933 0.006271 0.006645 0.006980 0.007346 0.007670 0.008017 0.008318 0.008636 0.008906 0.009183 0.009412 0.009639 0.009818 0.009987 0.010111 0.010214 0.010277 0.010312 0.010312 0.010277 0.010214 0.010111 0.009987 0.009818 0.009639 0.009412 0.009183 0.008906 0.008636 0.008318 0.008017 0.007670 0.007346 0.006980 0.006645 0.006271 0.005933 0.005561 0.005229 0.004868 0.004549 0.004206 0.003906 0.003587 0.003310 0.003018 0.002768 0.002506 0.002284 0.002053 0.001858 0.001658 0.001490 0.001318 0.001175 0.001029 0.000908 0.000786 0.000684 0.000581 0.000495 0.000408 0.000333 0.000259 0.000192 0.000125 0.000063 0.000000 
0.000000 0.000069 0.000140 0.000211 0.000288 0.000366 0.000455 0.000544 0.000648 0.000752 0.000875 0.000999 0.001146 0.001292 0.001467 0.001640 0.001845 0.002046 0.002284 0.002515 0.002787 0.003049 0.003355 0.003647 0.003985 0.004305 0.004672 0.005016 0.005406 0.005767 0.006173 0.006546 0.006959 0.007333 0.007744 0.008110 0.008505 0.008853 0.009222 0.009540 0.009869 0.010147 0.010427 0.010654 0.010874 0.011042 0.011193 0.011297 0.011374 0.011410 0.011410 0.011374 0.011297 0.011193 0.011042 0.010874 0.010654 0.010427 0.010147 0.009869 0.009540 0.009222 0.008853 0.008505 0.008110 0.007744 0.007333 0.006959 0.006546 0.006173 0.005767 0.005406 0.005016 0.004672 0.004305 0.003985 0.003647 0.003355 0.003049 0.002787 0.002515 0.002284 0.002046 0.001845 0.001640 0.001467 0.001292 0.001146 0.000999 0.000875 0.000752 0.000648 0.000544 0.000455 0.000366 0.000288 0.000211 0.000140 0.000069 0.000000 
0.000000 0.000076 0.000153 0.000234 0.000316 0.000407 0.000499 0.000604 0.000710 0.000835 0.000960 0.001108 0.001257 0.001434 0.001609 0.001818 0.002024 0.002268 0.002506 0.002787 0.003060 0.003378 0.003684 0.004039 0.004378 0.004766 0.005133 0.005551 0.005941 0.006380 0.006787 0.007239 0.007653 0.008108 0.008518 0.008963 0.009359 0.009781 0.010150 0.010536 0.010866 0.011203 0.011483 0.011760 0.011979 0.012184 0.012336 0.012462 0.012539 0.012582 0.012582 0.012539 0.012462 0.012336 0.012184 0.011979 0.011760 0.011483 0.011203 0.010866 0.010536 0.010150 0.009781 0.009359 0.008963 0.008518 0.008108 0.007653 0.007239 0.006787 0.006380 0.005941 0.005551 0.005133 0.004766 0.004378 0.004039 0.003684 0.003378 0.003060 0.002787 0.002506 0.002268 0.002024 0.001818 0.001609 0.001434 0.001257 0.001108 0.000960 0.000835 0.000710 0.000604 0.000499 0.000407 0.000316 0.000234 0.000153 0.000076 0.000000 
0.000000 0.000084 0.000170 0.000256 0.000350 0.000444 0.000551 0.000660 0.000785 0.000912 0.001061 0.001211 0.001389 0.001567 0.001778 0.001988 0.002236 0.002481 0.002768 0.003049 0.003378 0.003697 0.004066 0.004422 0.004830 0.005219 0.005662 0.006079 0.006550 0.006990 0.007481 0.007933 0.008432 0.008888 0.009383 0.009828 0.010306 0.010728 0.011174 0.011560 0.011958 0.012296 0.012633 0.012910 0.013175 0.013380 0.013563 0.013689 0.013782 0.013825 0.013825 0.013782 0.013689 0.013563 0.013380 0.013175 0.012910 0.012633 0.012296 0.011958 0.011560 0.011174 0.010728 0.010306 0.009828 0.009383 0.008888 0.008432 0.007933 0.007481 0.006990 0.006550 0.006079 0.005662 0.005219 0.004830 0.004422 0.004066 0.003697 0.003378 0.003049 0.002768 0.002481 0.002236 0.001988 0.001778 0.001567 0.001389 0.001211 0.001061 0.000912 0.000785 0.000660 0.000551 0.000444 0.000350 0.000256 0.000170 0.000084 0.000000 
0.000000 0.000092 0.000185 0.000282 0.000381 0.000490 0.000601 0.000727 0.000855 0.001005 0.001156 0.001334 0.001514 0.001726 0.001938 0.002189 0.002438 0.002730 0.003018 0.003355 0.003684 0.004066 0.004436 0.004862 0.005271 0.005737 0.006180 0.006681 0.007152 0.007679 0.008170 0.008713 0.009212 0.009758 0.010253 0.010787 0.011265 0.011771 0.012217 0.012680 0.013079 0.013483 0.013821 0.014152 0.014417 0.014663 0.014846 0.014997 0.015090 0.015142 0.015142 0.015090 0.014997 0.014846 0.014663 0.014417 0.014152 0.013821 0.013483 0.013079 0.012680 0.012217 0.011771 0.011265 0.010787 0.010253 0.009758 0.009212 0.008713 0.008170 0.007679 0.007152 0.006681 0.006180 0.005737 0.005271 0.004862 0.004436 0.004066 0.003684 0.003355 0.003018 0.002730 0.002438 0.002189 0.001938 0.001726 0.001514 0.001334 0.001156 0.001005 0.000855 0.000727 0.000601 0.000490 0.000381 0.000282 0.000185 0.000092 0.000000 
0.000000 0.000100 0.000203 0.000306 0.000418 0.000532 0.000660 0.000789 0.000939 0.001091 0.001269 0.001449 0.001662 0.001875 0.002127 0.002378 0.002674 0.002967 0.003310 0.003647 0.004039 0.004422 0.004862 0.005288 0.005775 0.006241 0.006769 0.007270 0.007831 0.008359 0.008943 0.009486 0.010081 0.010627 0.011217 0.011751 0.012320 0.012827 0.013357 0.013821 0.014295 0.014700 0.015102 0.015434 0.015750 0.015996 0.016213 0.016365 0.016475 0.016527 0.016527 0.016475 0.016365 0.016213 0.015996 0.015750 0.015434 0.015102 0.014700 0.014295 0.013821 0.013357 0.012827 0.012320 0.011751 0.011217 0.010627 0.010081 0.009486 0.008943 0.008359 0.007831 0.007270 0.006769 0.006241 0.005775 0.005288 0.004862 0.004422 0.004039 0.003647 0.003310 0.002967 0.002674 0.002378 0.002127 0.001875 0.001662 0.001449 0.001269 0.001091 0.000939 0.000789 0.000660 0.000532 0.000418 0.000306 0.000203 0.000100 0.000000 
0.000000 0.000109 0.000219 0.000335 0.000453 0.000582 0.000714 0.000864 0.001016 0.001194 0.001374 0.001585 0.001799 0.002051 0.002303 0.002600 0.002897 0.003243 0.003587 0.003985 0.004378 0.004830 0.005271 0.005775 0.006262 0.006814 0.007342 0.007934 0.008496 0.009120 0.009705 0.010347 0.010942 0.011588 0.012178 0.012810 0.013379 0.013979 0.014510 0.015058 0.015533 0.016011 0.016414 0.016806 0.017122 0.017413 0.017631 0.017810 0.017921 0.017981 0.017981 0.017921 0.017810 0.017631 0.017413 0.017122 0.016806 0.016414 0.016011 0.015533 0.015058 0.014510 0.013979 0.013379 0.012810 0.012178 0.011588 0.010942 0.010347 0.009705 0.009120 0.008496 0.007934 0.007342 0.006814 0.006262 0.005775 0.005271 0.004830 0.004378 0.003985 0.003587 0.003243 0.002897 0.002600 0.002303 0.002051 0.001799 0.001585 0.001374 0.001194 0.001016 0.000864 0.000714 0.000582 0.000453 0.000335 0.000219 0.000109 0.000000 
0.000000 0.000118 0.000239 0.000362 0.000494 0.000628 0.000779 0.000932 0.001108 0.001288 0.001498 0.001711 0.001961 0.002214 0.002510 0.002808 0.003155 0.003503 0.003906 0.004305 0.004766 0.005219 0.005737 0.006241 0.006814 0.007366 0.007986 0.008580 0.009240 0.009864 0.010551 0.011194 0.011893 0.012539 0.013233 0.013865 0.014534 0.015134 0.015758 0.016306 0.016864 0.017343 0.017816 0.018209 0.018580 0.018871 0.019127 0.019306 0.019436 0.019497 0.019497 0.019436 0.019306 0.019127 0.018871 0.018580 0.018209 0.017816 0.017343 0.016864 0.016306 0.015758 0.015134 0.014534 0.013865 0.013233 0.012539 0.011893 0.011194 0.010551 0.009864 0.009240 0.008580 0.007986 0.007366 0.006814 0.006241 0.005737 0.005219 0.004766 0.004305 0.003906 0.003503 0.003155 0.002808 0.002510 0.002214 0.001961 0.001711 0.001498 0.001288 0.001108 0.000932 0.000779 0.000628 0.000494 0.000362 0.000239 0.000118 0.000000 
0.000000 0.000128 0.000257 0.000393 0.000531 0.000683 0.000837 0.001013 0.001192 0.001400 0.001612 0.001859 0.002110 0.002404 0.002701 0.003048 0.003397 0.003802 0.004206 0.004672 0.005133 0.005662 0.006180 0.006769 0.007342 0.007986 0.008608 0.009300 0.009960 0.010689 0.011377 0.012127 0.012827 0.013582 0.014276 0.015014 0.015683 0.016383 0.017007 0.017648 0.018206 0.018765 0.019239 0.019696 0.020068 0.020408 0.020664 0.020873 0.021003 0.021074 0.021074 0.021003 0.020873 0.020664 0.020408 0.020068 0.019696 0.019239 0.018765 0.018206 0.017648 0.017007 0.016383 0.015683 0.015014 0.014276 0.013582 0.012827 0.012127 0.011377 0.010689 0.009960 0.009300 0.008608 0.007986 0.007342 0.006769 0.006180 0.005662 0.005133 0.004672 0.004206 0.003802 0.003397 0.003048 0.002701 0.002404 0.002110 0.001859 0.001612 0.001400 0.001192 0.001013 0.000837 0.000683 0.000531 0.000393 0.000257 0.000128 0.000000 
0.000000 0.000138 0.000279 0.000422 0.000575 0.000732 0.000907 0.001086 0.001291 0.001501 0.001745 0.001994 0.002284 0.002579 0.002923 0.003271 0.003675 0.004081 0.004549 0.005016 0.005551 0.006079 0.006681 0.007270 0.007934 0.008580 0.009300 0.009993 0.010759 0.011488 0.012286 0.013037 0.013849 0.014603 0.015409 0.016147 0.016923 0.017624 0.018348 0.018989 0.019636 0.020195 0.020745 0.021203 0.021634 0.021974 0.022270 0.022480 0.022631 0.022702 0.022702 0.022631 0.022480 0.022270 0.021974 0.021634 0.021203 0.020745 0.020195 0.019636 0.018989 0.018348 0.017624 0.016923 0.016147 0.015409 0.014603 0.013849 0.013037 0.012286 0.011488 0.010759 0.009993 0.009300 0.008580 0.007934 0.007270 0.006681 0.006079 0.005551 0.005016 0.004549 0.004081 0.003675 0.003271 0.002923 0.002579 0.002284 0.001994 0.001745 0.001501 0.001291 0.001086 0.000907 0.000732 0.000575 0.000422 0.000279 0.000138 0.000000 
0.000000 0.000149 0.000298 0.000455 0.000615 0.000790 0.000969 0.001172 0.001380 0.001620 0.001866 0.002151 0.002443 0.002782 0.003127 0.003527 0.003932 0.004399 0.004868 0.005406 0.005941 0.006550 0.007152 0.007831 0.008496 0.009240 0.009960 0.010759 0.011526 0.012366 0.013164 0.014030 0.014842 0.015711 0.016517 0.017368 0.018145 0.018952 0.019677 0.020415 0.021063 0.021707 0.022257 0.022785 0.023216 0.023608 0.023904 0.024146 0.024297 0.024379 0.024379 0.024297 0.024146 0.023904 0.023608 0.023216 0.022785 0.022257 0.021707 0.021063 0.020415 0.019677 0.018952 0.018145 0.017368 0.016517 0.015711 0.014842 0.014030 0.013164 0.012366 0.011526 0.010759 0.009960 0.009240 0.008496 0.007831 0.007152 0.006550 0.005941 0.005406 0.004868 0.004399 0.003932 0.003527 0.003127 0.002782 0.002443 0.002151 0.001866 0.001620 0.001380 0.001172 0.000969 0.000790 0.000615 0.000455 0.000298 0.000149 0.000000 
0.000000 0.000158 0.000321 0.000485 0.000661 0.000842 0.001043 0.001249 0.001484 0.001727 0.002006 0.002293 0.002626 0.002966 0.003361 0.003762 0.004225 0.004692 0.005229 0.005767 0.006380 0.006990 0.007679 0.008359 0.009120 0.009864 0.010689 0.011488 0.012366 0.013207 0.014121 0.014987 0.015917 0.016787 0.017709 0.018561 0.019450 0.020258 0.021087 0.021826 0.022568 0.023212 0.023841 0.024369 0.024863 0.025255 0.025595 0.025837 0.026010 0.026091 0.026091 0.026010 0.025837 0.025595 0.025255 0.024863 0.024369 0.023841 0.023212 0.022568 0.021826 0.021087 0.020258 0.019450 0.018561 0.017709 0.016787 0.015917 0.014987 0.014121 0.013207 0.012366 0.011488 0.010689 0.009864 0.009120 0.008359 0.007679 0.006990 0.006380 0.005767 0.005229 0.004692 0.004225 0.003762 0.003361 0.002966 0.002626 0.002293 0.002006 0.001727 0.001484 0.001249 0.001043 0.000842 0.000661 0.000485 0.000321 0.000158 0.000000 
0.000000 0.000170 0.000341 0.000520 0.000703 0.000902 0.001108 0.001339 0.001577 0.001850 0.002132 0.002457 0.002791 0.003177 0.003573 0.004028 0.004492 0.005024 0.005561 0.006173 0.006787 0.007481 0.008170 0.008943 0.009705 0.010551 0.011377 0.012286 0.013164 0.014121 0.015035 0.016020 0.016950 0.017940 0.018863 0.019832 0.020722 0.021641 0.022470 0.023311 0.024053 0.024786 0.025416 0.026016 0.026510 0.026956 0.027296 0.027571 0.027744 0.027837 0.027837 0.027744 0.027571 0.027296 0.026956 0.026510 0.026016 0.025416 0.024786 0.024053 0.023311 0.022470 0.021641 0.020722 0.019832 0.018863 0.017940 0.016950 0.016020 0.015035 0.014121 0.013164 0.012286 0.011377 0.010551 0.009705 0.008943 0.008170 0.007481 0.006787 0.006173 0.005561 0.005024 0.004492 0.004028 0.003573 0.003177 0.002791 0.002457 0.002132 0.001850 0.001577 0.001339 0.001108 0.000902 0.000703 0.000520 0.000341 0.000170 0.000000 
0.000000 0.000180 0.000364 0.000551 0.000751 0.000956 0.001183 0.001418 0.001685 0.001960 0.002276 0.002603 0.002980 0.003367 0.003813 0.004270 0.004794 0.005326 0.005933 0.006546 0.007239 0.007933 0.008713 0.009486 0.010347 0.011194 0.012127 0.013037 0.014030 0.014987 0.016020 0.017005 0.018057 0.019047 0.020091 0.021059 0.022065 0.022985 0.023922 0.024763 0.025602 0.026336 0.027047 0.027648 0.028206 0.028652 0.029037 0.029311 0.029507 0.029600 0.029600 0.029507 0.029311 0.029037 0.028652 0.028206 0.027648 0.027047 0.026336 0.025602 0.024763 0.023922 0.022985 0.022065 0.021059 0.020091 0.019047 0.018057 0.017005 0.016020 0.014987 0.014030 0.013037 0.012127 0.011194 0.010347 0.009486 0.008713 0.007933 0.007239 0.006546 0.005933 0.005326 0.004794 0.004270 0.003813 0.003367 0.002980 0.002603 0.002276 0.001960 0.001685 0.001418 0.001183 0.000956 0.000751 0.000551 0.000364 0.000180 0.000000 
0.000000 0.000191 0.000384 0.000586 0.000793 0.001017 0.001250 0.001510 0.001779 0.002086 0.002405 0.002770 0.003148 0.003582 0.004029 0.004541 0.005066 0.005664 0.006271 0.006959 0.007653 0.008432 0.009212 0.010081 0.010942 0.011893 0.012827 0.013849 0.014842 0.015917 0.016950 0.018057 0.019109 0.020221 0.021265 0.022353 0.023359 0.024392 0.025330 0.026274 0.027113 0.027937 0.028648 0.029323 0.029882 0.030383 0.030767 0.031076 0.031272 0.031376 0.031376 0.031272 0.031076 0.030767 0.030383 0.029882 0.029323 0.028648 0.027937 0.027113 0.026274 0.025330 0.024392 0.023359 0.022353 0.021265 0.020221 0.019109 0.018057 0.016950 0.015917 0.014842 0.013849 0.012827 0.011893 0.010942 0.010081 0.009212 0.008432 0.007653 0.006959 0.006271 0.005664 0.005066 0.004541 0.004029 0.003582 0.003148 0.002770 0.002405 0.002086 0.001779 0.001510 0.001250 0.001017 0.000793 0.000586 0.000384 0.000191 0.000000 
0.000000 0.000201 0.000408 0.000617 0.000841 0.001071 0.001326 0.001589 0.001887 0.002197 0.002550 0.002917 0.003337 0.003773 0.004271 0.004784 0.005369 0.005967 0.006645 0.007333 0.008108 0.008888 0.009758 0.010627 0.011588 0.012539 0.013582 0.014603 0.015711 0.016787 0.017940 0.019047 0.020221 0.021334 0.022498 0.023587 0.024710 0.025742 0.026789 0.027733 0.028670 0.029494 0.030288 0.030963 0.031586 0.032087 0.032516 0.032825 0.033044 0.033148 0.033148 0.033044 0.032825 0.032516 0.032087 0.031586 0.030963 0.030288 0.029494 0.028670 0.027733 0.026789 0.025742 0.024710 0.023587 0.022498 0.021334 0.020221 0.019047 0.017940 0.016787 0.015711 0.014603 0.013582 0.012539 0.011588 0.010627 0.009758 0.008888 0.008108 0.007333 0.006645 0.005967 0.005369 0.004784 0.004271 0.003773 0.003337 0.002917 0.002550 0.002197 0.001887 0.001589 0.001326 0.001071 0.000841 0.000617 0.000408 0.000201 0.000000 
0.000000 0.000213 0.000428 0.000652 0.000883 0.001132 0.001391 0.001680 0.001981 0.002321 0.002677 0.003082 0.003504 0.003986 0.004485 0.005054 0.005639 0.006302 0.006980 0.007744 0.008518 0.009383 0.010253 0.011217 0.012178 0.013233 0.014276 0.015409 0.016517 0.017709 0.018863 0.020091 0.021265 0.022498 0.023663 0.024870 0.025993 0.027138 0.028185 0.029232 0.030169 0.031082 0.031877 0.032625 0.033248 0.033804 0.034233 0.034575 0.034794 0.034910 0.034910 0.034794 0.034575 0.034233 0.033804 0.033248 0.032625 0.031877 0.031082 0.030169 0.029232 0.028185 0.027138 0.025993 0.024870 0.023663 0.022498 0.021265 0.020091 0.018863 0.017709 0.016517 0.015409 0.014276 0.013233 0.012178 0.011217 0.010253 0.009383 0.008518 0.007744 0.006980 0.006302 0.005639 0.005054 0.004485 0.003986 0.003504 0.003082 0.002677 0.002321 0.001981 0.001680 0.001391 0.001132 0.000883 0.000652 0.000428 0.000213 0.000000 
0.000000 0.000223 0.000451 0.000683 0.000930 0.001185 0.001466 0.001758 0.002086 0.002430 0.002819 0.003226 0.003690 0.004173 0.004722 0.005291 0.005936 0.006599 0.007346 0.008110 0.008963 0.009828 0.010787 0.011751 0.012810 0.013865 0.015014 0.016147 0.017368 0.018561 0.019832 0.021059 0.022353 0.023587 0.024870 0.026077 0.027314 0.028460 0.029613 0.030660 0.031692 0.032606 0.033481 0.034229 0.034916 0.035472 0.035944 0.036287 0.036528 0.036643 0.036643 0.036528 0.036287 0.035944 0.035472 0.034916 0.034229 0.033481 0.032606 0.031692 0.030660 0.029613 0.028460 0.027314 0.026077 0.024870 0.023587 0.022353 0.021059 0.019832 0.018561 0.017368 0.016147 0.015014 0.013865 0.012810 0.011751 0.010787 0.009828 0.008963 0.008110 0.007346 0.006599 0.005936 0.005291 0.004722 0.004173 0.003690 0.003226 0.002819 0.002430 0.002086 0.001758 0.001466 0.001185 0.000930 0.000683 0.000451 0.000223 0.000000 
0.000000 0.000234 0.000470 0.000717 0.000970 0.001244 0.001529 0.001845 0.002177 0.002550 0.002942 0.003386 0.003851 0.004378 0.004929 0.005551 0.006196 0.006922 0.007670 0.008505 0.009359 0.010306 0.011265 0.012320 0.013379 0.014534 0.015683 0.016923 0.018145 0.019450 0.020722 0.022065 0.023359 0.024710 0.025993 0.027314 0.028552 0.029805 0.030959 0.032105 0.033137 0.034137 0.035012 0.035832 0.036518 0.037127 0.037599 0.037974 0.038215 0.038341 0.038341 0.038215 0.037974 0.037599 0.037127 0.036518 0.035832 0.035012 0.034137 0.033137 0.032105 0.030959 0.029805 0.028552 0.027314 0.025993 0.024710 0.023359 0.022065 0.020722 0.019450 0.018145 0.016923 0.015683 0.014534 0.013379 0.012320 0.011265 0.010306 0.009359 0.008505 0.007670 0.006922 0.006196 0.005551 0.004929 0.004378 0.003851 0.003386 0.002942 0.002550 0.002177 0.001845 0.001529 0.001244 0.000970 0.000717 0.000470 0.000234 0.000000 
0.000000 0.000243 0.000492 0.000745 0.001015 0.001294 0.001600 0.001920 0.002277 0.002653 0.003077 0.003523 0.004027 0.004556 0.005153 0.005776 0.006478 0.007204 0.008017 0.008853 0.009781 0.010728 0.011771 0.012827 0.013979 0.015134 0.016383 0.017624 0.018952 0.020258 0.021641 0.022985 0.024392 0.025742 0.027138 0.028460 0.029805 0.031059 0.032313 0.033460 0.034582 0.035582 0.036534 0.037354 0.038100 0.038709 0.039223 0.039597 0.039860 0.039986 0.039986 0.039860 0.039597 0.039223 0.038709 0.038100 0.037354 0.036534 0.035582 0.034582 0.033460 0.032313 0.031059 0.029805 0.028460 0.027138 0.025742 0.024392 0.022985 0.021641 0.020258 0.018952 0.017624 0.016383 0.015134 0.013979 0.012827 0.011771 0.010728 0.009781 0.008853 0.008017 0.007204 0.006478 0.005776 0.005153 0.004556 0.004027 0.003523 0.003077 0.002653 0.002277 0.001920 0.001600 0.001294 0.001015 0.000745 0.000492 0.000243 0.000000 
0.000000 0.000254 0.000510 0.000777 0.001052 0.001349 0.001659 0.002001 0.002361 0.002765 0.003191 0.003671 0.004177 0.004747 0.005346 0.006019 0.006720 0.007505 0.008318 0.009222 0.010150 0.011174 0.012217 0.013357 0.014510 0.015758 0.017007 0.018348 0.019677 0.021087 0.022470 0.023922 0.025330 0.026789 0.028185 0.029613 0.030959 0.032313 0.033568 0.034807 0.035929 0.037010 0.037962 0.038847 0.039594 0.040251 0.040766 0.041170 0.041433 0.041569 0.041569 0.041433 0.041170 0.040766 0.040251 0.039594 0.038847 0.037962 0.037010 0.035929 0.034807 0.033568 0.032313 0.030959 0.029613 0.028185 0.026789 0.025330 0.023922 0.022470 0.021087 0.019677 0.018348 0.017007 0.015758 0.014510 0.013357 0.012217 0.011174 0.010150 0.009222 0.008318 0.007505 0.006720 0.006019 0.005346 0.004747 0.004177 0.003671 0.003191 0.002765 0.002361 0.002001 0.001659 0.001349 0.001052 0.000777 0.000510 0.000254 0.000000 
0.000000 0.000262 0.000530 0.000803 0.001093 0.001394 0.001723 0.002069 0.002453 0.002859 0.003314 0.003796 0.004338 0.004910 0.005551 0.006225 0.006978 0.007763 0.008636 0.009540 0.010536 0.011560 0.012680 0.013821 0.015058 0.016306 0.017648 0.018989 0.020415 0.021826 0.023311 0.024763 0.026274 0.027733 0.029232 0.030660 0.032105 0.033460 0.034807 0.036045 0.037250 0.038331 0.039353 0.040239 0.041040 0.041698 0.042250 0.042655 0.042936 0.043073 0.043073 0.042936 0.042655 0.042250 0.041698 0.041040 0.040239 0.039353 0.038331 0.037250 0.036045 0.034807 0.033460 0.032105 0.030660 0.029232 0.027733 0.026274 0.024763 0.023311 0.021826 0.020415 0.018989 0.017648 0.016306 0.015058 0.013821 0.012680 0.011560 0.010536 0.009540 0.008636 0.007763 0.006978 0.006225 0.005551 0.004910 0.004338 0.003796 0.003314 0.002859 0.002453 0.002069 0.001723 0.001394 0.001093 0.000803 0.000530 0.000262 0.000000 
0.000000 0.000271 0.000546 0.000832 0.001127 0.001444 0.001776 0.002142 0.002529 0.002960 0.003417 0.003929 0.004472 0.005081 0.005724 0.006442 0.007195 0.008033 0.008906 0.009869 0.010866 0.011958 0.013079 0.014295 0.015533 0.016864 0.018206 0.019636 0.021063 0.022568 0.024053 0.025602 0.027113 0.028670 0.030169 0.031692 0.033137 0.034582 0.035929 0.037250 0.038456 0.039609 0.040631 0.041575 0.042377 0.043078 0.043630 0.044062 0.044343 0.044489 0.044489 0.044343 0.044062 0.043630 0.043078 0.042377 0.041575 0.040631 0.039609 0.038456 0.037250 0.035929 0.034582 0.033137 0.031692 0.030169 0.028670 0.027113 0.025602 0.024053 0.022568 0.021063 0.019636 0.018206 0.016864 0.015533 0.014295 0.013079 0.011958 0.010866 0.009869 0.008906 0.008033 0.007195 0.006442 0.005724 0.005081 0.004472 0.003929 0.003417 0.002960 0.002529 0.002142 0.001776 0.001444 0.001127 0.000832 0.000546 0.000271 0.000000 
0.000000 0.000279 0.000563 0.000855 0.001162 0.001484 0.001832 0.002201 0.002608 0.003042 0.003525 0.004038 0.004613 0.005223 0.005903 0.006622 0.007420 0.008258 0.009183 0.010147 0.011203 0.012296 0.013483 0.014700 0.016011 0.017343 0.018765 0.020195 0.021707 0.023212 0.024786 0.026336 0.027937 0.029494 0.031082 0.032606 0.034137 0.035582 0.037010 0.038331 0.039609 0.040762 0.041845 0.042790 0.043639 0.044341 0.044926 0.045358 0.045656 0.045802 0.045802 0.045656 0.045358 0.044926 0.044341 0.043639 0.042790 0.041845 0.040762 0.039609 0.038331 0.037010 0.035582 0.034137 0.032606 0.031082 0.029494 0.027937 0.026336 0.024786 0.023212 0.021707 0.020195 0.018765 0.017343 0.016011 0.014700 0.013483 0.012296 0.011203 0.010147 0.009183 0.008258 0.007420 0.006622 0.005903 0.005223 0.004613 0.004038 0.003525 0.003042 0.002608 0.002201 0.001832 0.001484 0.001162 0.000855 0.000563 0.000279 0.000000 
0.000000 0.000287 0.000577 0.000879 0.001191 0.001525 0.001877 0.002263 0.002673 0.003127 0.003611 0.004151 0.004727 0.005368 0.006049 0.006805 0.007604 0.008486 0.009412 0.010427 0.011483 0.012633 0.013821 0.015102 0.016414 0.017816 0.019239 0.020745 0.022257 0.023841 0.025416 0.027047 0.028648 0.030288 0.031877 0.033481 0.035012 0.036534 0.037962 0.039353 0.040631 0.041845 0.042928 0.043923 0.044772 0.045511 0.046096 0.046551 0.046849 0.047003 0.047003 0.046849 0.046551 0.046096 0.045511 0.044772 0.043923 0.042928 0.041845 0.040631 0.039353 0.037962 0.036534 0.035012 0.033481 0.031877 0.030288 0.028648 0.027047 0.025416 0.023841 0.022257 0.020745 0.019239 0.017816 0.016414 0.015102 0.013821 0.012633 0.011483 0.010427 0.009412 0.008486 0.007604 0.006805 0.006049 0.005368 0.004727 0.004151 0.003611 0.003127 0.002673 0.002263 0.001877 0.001525 0.001191 0.000879 0.000577 0.000287 0.000000 
0.000000 0.000293 0.000591 0.000897 0.001220 0.001558 0.001923 0.002311 0.002738 0.003194 0.003700 0.004241 0.004842 0.005484 0.006196 0.006953 0.007788 0.008671 0.009639 0.010654 0.011760 0.012910 0.014152 0.015434 0.016806 0.018209 0.019696 0.021203 0.022785 0.024369 0.026016 0.027648 0.029323 0.030963 0.032625 0.034229 0.035832 0.037354 0.038847 0.040239 0.041575 0.042790 0.043923 0.044917 0.045806 0.046545 0.047157 0.047612 0.047924 0.048077 0.048077 0.047924 0.047612 0.047157 0.046545 0.045806 0.044917 0.043923 0.042790 0.041575 0.040239 0.038847 0.037354 0.035832 0.034229 0.032625 0.030963 0.029323 0.027648 0.026016 0.024369 0.022785 0.021203 0.019696 0.018209 0.016806 0.015434 0.014152 0.012910 0.011760 0.010654 0.009639 0.008671 0.007788 0.006953 0.006196 0.005484 0.004842 0.004241 0.003700 0.003194 0.002738 0.002311 0.001923 0.001558 0.001220 0.000897 0.000591 0.000293 0.000000 
